   3.1537150e-02  -1.6621601e-04
   6.3074300e-02  -1.3141936e-05
   9.4611450e-02   2.9127358e-04
   1.2614860e-01  -4.7055088e-05
   1.5768575e-01   5.4814988e-05
   1.8922290e-01   2.3868806e-05
   2.2076006e-01   6.7171832e-05
   2.5229720e-01   3.6514008e-04
   2.8383436e-01   2.0630166e-03
   3.1537150e-01   1.8875191e-03
   3.4690866e-01  -3.8097778e-04
   3.7844580e-01  -3.1719536e-03
   4.0998296e-01  -5.7526674e-03
   4.4152010e-01  -7.6603636e-03
   4.7305726e-01  -9.0744910e-03
   5.0459440e-01  -8.6796042e-03
   5.3613156e-01  -6.5444274e-03
   5.6766870e-01  -3.3748158e-03
   5.9920586e-01   1.0440658e-03
   6.3074300e-01   5.4290534e-03
   6.6228016e-01   9.0384448e-03
   6.9381730e-01   1.0784633e-02
   7.2535446e-01   1.0344832e-02
   7.5689160e-01   7.9750652e-03
   7.8842876e-01   3.6368254e-03
   8.1996590e-01  -1.5863986e-03
   8.5150306e-01  -5.6832808e-03
   8.8304020e-01  -9.0355658e-03
   9.1457736e-01  -1.0496529e-02
   9.4611450e-01  -8.8384002e-03
   9.7765166e-01  -6.0299482e-03
   1.0091888e+00  -2.5733004e-03
   1.0407260e+00   1.2754520e-03
   1.0722631e+00   3.7971406e-03
   1.1038003e+00   4.9595524e-03
   1.1353374e+00   4.4114656e-03
   1.1668746e+00   1.7958131e-03
   1.1984117e+00  -2.1039258e-03
   1.2299489e+00  -6.0437178e-03
   1.2614860e+00  -8.8198640e-03
   1.2930232e+00  -9.7254770e-03
   1.3245603e+00  -7.9184122e-03
   1.3560975e+00  -5.0716390e-03
   1.3876346e+00  -3.0172656e-04
   1.4191718e+00   4.6386998e-03
   1.4507089e+00   9.6322328e-03
   1.4822461e+00   1.3065380e-02
   1.5137832e+00   1.2982940e-02
   1.5453204e+00   1.2508219e-02
   1.5768575e+00   7.7556958e-03
   1.6083947e+00   3.0516578e-03
   1.6399318e+00  -1.9082056e-03
   1.6714690e+00  -6.0439928e-03
   1.7030061e+00  -8.8920332e-03
   1.7345433e+00  -9.3162438e-03
   1.7660804e+00  -7.5393496e-03
   1.7976176e+00  -4.4840682e-03
   1.8291547e+00   8.7280368e-05
   1.8606919e+00   3.0752180e-03
   1.8922290e+00   2.0765302e-03
   1.9237662e+00   5.5764272e-03
   1.9553033e+00   3.8672260e-03
   1.9868405e+00   7.9243522e-04
   2.0183776e+00  -3.9529704e-03
   2.0499148e+00  -7.0976664e-03
   2.0814520e+00  -9.6572236e-03
   2.1129890e+00  -1.0432851e-02
   2.1445262e+00  -9.1016314e-03
   2.1760634e+00  -6.0978678e-03
   2.2076006e+00  -2.1142466e-03
   2.2391376e+00   1.2987366e-03
   2.2706748e+00   4.2400054e-03
   2.3022120e+00   5.6172400e-03
   2.3337492e+00   4.6978898e-03
   2.3652862e+00   1.6915030e-03
   2.3968234e+00  -2.5054860e-03
   2.4283606e+00  -6.8782692e-03
   2.4598978e+00  -1.1022004e-02
   2.4914348e+00  -1.1739733e-02
   2.5229720e+00  -1.0833752e-02
   2.5545092e+00  -6.9296810e-03
   2.5860464e+00  -1.1185748e-03
   2.6175834e+00   5.3315296e-03
   2.6491206e+00  -1.1463778e-02
   2.6806578e+00   1.5659412e-02
   2.7121950e+00   1.7058630e-02
   2.7437320e+00   1.4775665e-02
   2.7752692e+00   9.6902192e-03
   2.8068064e+00   2.7025896e-03
   2.8383436e+00  -4.5269586e-03
   2.8698806e+00  -1.0763160e-02
   2.9014178e+00  -1.4208089e-02
   2.9329550e+00  -1.4089856e-02
   2.9644922e+00  -1.0090897e-02
   2.9960292e+00  -2.5680524e-03
   3.0275664e+00   7.4565444e-03
   3.0591036e+00   1.7842712e-02
   3.0906408e+00   2.7016974e-02
   3.1221778e+00   3.3500390e-02
   3.1537150e+00   3.6066968e-02
   3.1852522e+00   3.4069924e-02
   3.2167894e+00   2.8355650e-02
   3.2483264e+00   2.0534122e-02
   3.2798636e+00   1.2308283e-02
   3.3114008e+00   4.3011246e-03
   3.3429380e+00  -2.2765962e-03
   3.3744750e+00  -6.1299456e-03
   3.4060122e+00  -7.2730276e-03
   3.4375494e+00  -6.8888404e-03
   3.4690866e+00  -5.8901354e-03
   3.5006236e+00  -5.6612054e-03
   3.5321608e+00  -8.1094946e-03
   3.5636980e+00  -1.3552446e-02
   3.5952352e+00  -2.1522648e-02
   3.6267722e+00  -3.2031352e-02
   3.6583094e+00  -4.4638616e-02
   3.6898466e+00  -5.7506180e-02
   3.7213838e+00  -6.8564206e-02
   3.7529208e+00  -7.6370252e-02
   3.7844580e+00  -8.0251588e-02
   3.8159952e+00  -8.2391362e-02
   3.8475324e+00  -8.0888980e-02
   3.8790694e+00  -7.7630888e-02
   3.9106066e+00  -7.4046846e-02
   3.9421438e+00  -7.0954476e-02
   3.9736810e+00  -6.9514024e-02
   4.0052180e+00  -6.9601850e-02
   4.0367552e+00  -7.0192024e-02
   4.0682924e+00  -7.0221372e-02
   4.0998296e+00  -6.7977306e-02
   4.1313666e+00  -6.2883244e-02
   4.1629038e+00  -5.3953566e-02
   4.1944410e+00  -3.9645830e-02
   4.2259782e+00  -2.1655604e-02
   4.2575152e+00   1.4323636e-04
   4.2890524e+00   2.3031172e-02
   4.3205896e+00   4.4848016e-02
   4.3521268e+00   6.3546628e-02
   4.3836638e+00   7.7216886e-02
   4.4152010e+00   8.4370922e-02
   4.4467382e+00   8.5025992e-02
   4.4782754e+00   7.9530230e-02
   4.5098124e+00   6.9126896e-02
   4.5413496e+00   5.5437406e-02
   4.5728868e+00   4.0480064e-02
   4.6044240e+00   2.5477798e-02
   4.6359610e+00   1.1899711e-02
   4.6674982e+00   9.6211200e-05
   4.6990354e+00  -1.0355440e-02
   4.7305726e+00  -2.0244116e-02
   4.7621096e+00  -3.0558982e-02
   4.7936468e+00  -4.2209956e-02
   4.8251840e+00  -5.5984764e-02
   4.8567212e+00  -7.1772628e-02
   4.8882582e+00  -8.8790000e-02
   4.9197954e+00  -1.0613631e-01
   4.9513326e+00  -1.2176585e-01
   4.9828698e+00  -1.3344357e-01
   5.0144068e+00  -1.3711922e-01
   5.0459440e+00  -1.3117749e-01
   5.0774812e+00  -1.2104811e-01
   5.1090184e+00  -1.0207119e-01
   5.1405554e+00  -7.4862066e-02
   5.1720926e+00  -4.3356582e-02
   5.2036298e+00  -9.9132376e-03
   5.2351670e+00   2.4417520e-02
   5.2667040e+00   5.4530534e-02
   5.2982412e+00   7.8193094e-02
   5.3297784e+00   9.6452982e-02
   5.3613156e+00   1.0795811e-01
   5.3928526e+00   1.1277652e-01
   5.4243898e+00   1.1232576e-01
   5.4559270e+00   1.0917471e-01
   5.4874642e+00   1.0552215e-01
   5.5190012e+00   1.0480396e-01
   5.5505384e+00   1.0720604e-01
   5.5820756e+00   1.1291415e-01
   5.6136128e+00   1.2071299e-01
   5.6451498e+00   1.2972802e-01
   5.6766870e+00   1.3614377e-01
   5.7082242e+00   1.3759992e-01
   5.7397614e+00   1.2993398e-01
   5.7712984e+00   1.1471969e-01
   5.8028356e+00   9.0054268e-02
   5.8343728e+00   5.6342850e-02
   5.8659100e+00   1.8255796e-02
   5.8974470e+00  -2.2942584e-02
   5.9289842e+00  -6.1932048e-02
   5.9605214e+00  -9.2417070e-02
   5.9920586e+00  -1.1241343e-01
   6.0235956e+00  -1.1914231e-01
   6.0551328e+00  -1.1214799e-01
   6.0866700e+00  -9.2776128e-02
   6.1182072e+00  -6.3599330e-02
   6.1497442e+00  -2.8063948e-02
   6.1812814e+00   7.5620852e-03
   6.2128186e+00   3.8948126e-02
   6.2443558e+00   6.2535512e-02
   6.2758928e+00   7.6972802e-02
   6.3074300e+00   8.2865196e-02
   6.3389672e+00   8.2258930e-02
   6.3705044e+00   7.7938138e-02
   6.4020414e+00   7.4638906e-02
   6.4335786e+00   7.5588348e-02
   6.4651158e+00   8.3457864e-02
   6.4966530e+00   9.9531334e-02
   6.5281900e+00   1.2224536e-01
   6.5597272e+00   1.4829648e-01
   6.5912644e+00   1.7271034e-01
   6.6228016e+00   1.8691604e-01
   6.6543386e+00   1.9274485e-01
   6.6858758e+00   1.8110619e-01
   6.7174130e+00   1.5263607e-01
   6.7489502e+00   1.0751663e-01
   6.7804872e+00   5.1669174e-02
   6.8120244e+00  -8.0610462e-03
   6.8435616e+00  -7.0903430e-02
   6.8750988e+00  -1.2434569e-01
   6.9066358e+00  -1.6192500e-01
   6.9381730e+00  -1.8154418e-01
   6.9697102e+00  -1.7867904e-01
   7.0012474e+00  -1.5616379e-01
   7.0327844e+00  -1.1745129e-01
   7.0643216e+00  -6.8329310e-02
   7.0958588e+00  -1.3782807e-02
   7.1273960e+00   3.5897546e-02
   7.1589330e+00   7.5089258e-02
   7.1904702e+00   1.0065826e-01
   7.2220074e+00   1.1067728e-01
   7.2535446e+00   1.0385732e-01
   7.2850816e+00   8.5524822e-02
   7.3166188e+00   5.8400936e-02
   7.3481560e+00   2.7453384e-02
   7.3796932e+00  -2.0833232e-03
   7.4112302e+00  -2.4790012e-02
   7.4427674e+00  -3.8560410e-02
   7.4743046e+00  -4.1620144e-02
   7.5058418e+00  -3.3187908e-02
   7.5373788e+00  -1.5855395e-02
   7.5689160e+00   8.3743268e-03
   7.6004532e+00   3.5465450e-02
   7.6319904e+00   6.1379566e-02
   7.6635274e+00   8.3038376e-02
   7.6950646e+00   9.7901544e-02
   7.7266018e+00   1.0388677e-01
   7.7581390e+00   9.8503848e-02
   7.7896760e+00   8.4134790e-02
   7.8212132e+00   6.0533654e-02
   7.8527504e+00   3.0710382e-02
   7.8842876e+00  -2.7221834e-03
   7.9158246e+00  -3.6296892e-02
   7.9473618e+00  -6.6772420e-02
   7.9788990e+00  -9.1371386e-02
   8.0104362e+00  -1.0809399e-01
   8.0419732e+00  -1.1541388e-01
   8.0735104e+00  -1.1410335e-01
   8.1050476e+00  -1.0484237e-01
   8.1365848e+00  -8.8940048e-02
   8.1681218e+00  -6.9460064e-02
   8.1996590e+00  -4.8874372e-02
   8.2311962e+00  -2.9493152e-02
   8.2627334e+00  -1.2968206e-02
   8.2942704e+00  -1.1945679e-04
   8.3258076e+00   9.0513188e-03
   8.3573448e+00   1.5453511e-02
   8.3888820e+00   1.9670381e-02
   8.4204192e+00   2.3037404e-02
   8.4519562e+00   2.6705712e-02
   8.4834934e+00   3.0791450e-02
   8.5150306e+00   3.5109078e-02
   8.5465678e+00   3.8788026e-02
   8.5781048e+00   4.0682370e-02
   8.6096420e+00   3.9648808e-02
   8.6411792e+00   3.4627284e-02
   8.6727164e+00   2.5366240e-02
   8.7042534e+00   1.2281603e-02
   8.7357906e+00  -3.5236820e-03
   8.7673278e+00  -2.0864362e-02
   8.7988650e+00  -3.8106010e-02
   8.8304020e+00  -5.3958534e-02
   8.8619392e+00  -6.7890944e-02
   8.8934764e+00  -8.0004448e-02
   8.9250136e+00  -9.1074804e-02
   8.9565506e+00  -1.0234698e-01
   8.9880878e+00  -1.1433150e-01
   9.0196250e+00  -1.2757005e-01
   9.0511622e+00  -1.4114602e-01
   9.0826992e+00  -1.5301960e-01
   9.1142364e+00  -1.6098174e-01
   9.1457736e+00  -1.6039222e-01
   9.1773108e+00  -1.4815278e-01
   9.2088478e+00  -1.2270592e-01
   9.2403850e+00  -8.2380390e-02
   9.2719222e+00  -3.1395590e-02
   9.3034594e+00   2.6633900e-02
   9.3349964e+00   8.4558338e-02
   9.3665336e+00   1.3427676e-01
   9.3980708e+00   1.6800102e-01
   9.4296080e+00   1.8015322e-01
   9.4611450e+00   1.6667902e-01
   9.4926822e+00   1.2909977e-01
   9.5242194e+00   7.3002044e-02
   9.5557566e+00   6.7696752e-03
   9.5872936e+00  -5.8706906e-02
   9.6188308e+00  -1.1170539e-01
   9.6503680e+00  -1.4268513e-01
   9.6819052e+00  -1.4554146e-01
   9.7134422e+00  -1.1827311e-01
   9.7449794e+00  -6.4257960e-02
   9.7765166e+00   8.1453022e-03
   9.8080538e+00   8.7424136e-02
   9.8395908e+00   1.6096551e-01
   9.8711280e+00   2.1725624e-01
   9.9026652e+00   2.4774442e-01
   9.9342024e+00   2.4883222e-01
   9.9657394e+00   2.2123300e-01
   9.9972766e+00   1.7043545e-01
   1.0028814e+01   1.0573741e-01
   1.0060351e+01   3.6857346e-02
   1.0091888e+01  -1.4888563e-02
   1.0123425e+01  -6.3579192e-02
   1.0154962e+01  -9.1309716e-02
   1.0186500e+01  -1.0120450e-01
   1.0218037e+01  -1.0008199e-01
   1.0249574e+01  -9.3782228e-02
   1.0281111e+01  -9.0402320e-02
   1.0312648e+01  -9.5975692e-02
   1.0344185e+01  -1.1199623e-01
   1.0375722e+01  -1.3607944e-01
   1.0407260e+01  -1.6294270e-01
   1.0438797e+01  -1.8324817e-01
   1.0470334e+01  -1.8896640e-01
   1.0501871e+01  -1.7194132e-01
   1.0533408e+01  -1.2684348e-01
   1.0564945e+01  -5.5643930e-02
   1.0596482e+01   3.6008560e-02
   1.0628020e+01   1.3666788e-01
   1.0659557e+01   2.3147860e-01
   1.0691094e+01   3.0760510e-01
   1.0722631e+01   3.5277082e-01
   1.0754168e+01   3.5653842e-01
   1.0785705e+01   3.1939086e-01
   1.0817243e+01   2.3601344e-01
   1.0848780e+01   1.3750176e-01
   1.0880317e+01   3.6696892e-02
   1.0911854e+01  -6.2429354e-02
   1.0943391e+01  -1.4539732e-01
   1.0974928e+01  -1.8875556e-01
   1.1006465e+01  -1.9314335e-01
   1.1038003e+01  -1.6188966e-01
   1.1069540e+01  -9.9281366e-02
   1.1101077e+01  -2.5298296e-02
   1.1132614e+01   4.6421756e-02
   1.1164151e+01   1.0826034e-01
   1.1195688e+01   1.4890266e-01
   1.1227225e+01   1.6003150e-01
   1.1258763e+01   1.3843739e-01
   1.1290300e+01   9.2693196e-02
   1.1321837e+01   2.6820190e-02
   1.1353374e+01  -4.3302368e-02
   1.1384911e+01  -1.0920182e-01
   1.1416448e+01  -1.6252130e-01
   1.1447986e+01  -2.0098112e-01
   1.1479523e+01  -2.1873626e-01
   1.1511060e+01  -2.1877834e-01
   1.1542597e+01  -2.0799682e-01
   1.1574134e+01  -1.8665543e-01
   1.1605671e+01  -1.6235386e-01
   1.1637208e+01  -1.3465925e-01
   1.1668746e+01  -1.0550780e-01
   1.1700283e+01  -7.5290322e-02
   1.1731820e+01  -4.3500128e-02
   1.1763357e+01  -7.0828602e-03
   1.1794894e+01   3.6084842e-02
   1.1826431e+01   8.3157982e-02
   1.1857968e+01   1.2956332e-01
   1.1889506e+01   1.7094517e-01
   1.1921043e+01   2.0205830e-01
   1.1952580e+01   2.1930272e-01
   1.1984117e+01   2.1981688e-01
   1.2015654e+01   2.0250824e-01
   1.2047191e+01   1.6966734e-01
   1.2078729e+01   1.2600881e-01
   1.2110266e+01   7.8622132e-02
   1.2141803e+01   3.3511382e-02
   1.2173340e+01  -3.5417852e-03
   1.2204877e+01  -3.0077998e-02
   1.2236414e+01  -4.5176718e-02
   1.2267951e+01  -5.1308534e-02
   1.2299489e+01  -5.3483326e-02
   1.2331026e+01  -5.7788268e-02
   1.2362563e+01  -6.9567058e-02
   1.2394100e+01  -9.1990908e-02
   1.2425637e+01  -1.2511680e-01
   1.2457174e+01  -1.6724068e-01
   1.2488711e+01  -2.1429368e-01
   1.2520249e+01  -2.5970368e-01
   1.2551786e+01  -2.9615300e-01
   1.2583323e+01  -3.1785282e-01
   1.2614860e+01  -3.1942716e-01
   1.2646397e+01  -2.9458354e-01
   1.2677934e+01  -2.5822584e-01
   1.2709472e+01  -2.1499522e-01
   1.2741009e+01  -1.6350702e-01
   1.2772546e+01  -1.1304599e-01
   1.2804083e+01  -6.8822374e-02
   1.2835620e+01  -3.0602780e-02
   1.2867157e+01  -3.5584628e-03
   1.2898694e+01   1.1396819e-02
   1.2930232e+01   2.0627308e-02
   1.2961769e+01   2.5687272e-02
   1.2993306e+01   2.8836260e-02
   1.3024843e+01   3.1757232e-02
   1.3056380e+01   2.7648056e-02
   1.3087917e+01   1.9027885e-02
   1.3119454e+01   6.5008484e-03
   1.3150992e+01  -8.3195606e-03
   1.3182529e+01  -2.9338096e-02
   1.3214066e+01  -5.5690416e-02
   1.3245603e+01  -7.7718932e-02
   1.3277140e+01  -8.9491514e-02
   1.3308677e+01  -8.8491292e-02
   1.3340215e+01  -6.5945040e-02
   1.3371752e+01  -2.0756290e-02
   1.3403289e+01   4.3962044e-02
   1.3434826e+01   1.2296397e-01
   1.3466363e+01   2.0534240e-01
   1.3497900e+01   2.7839710e-01
   1.3529437e+01   3.3007674e-01
   1.3560975e+01   3.5100920e-01
   1.3592512e+01   3.3532866e-01
   1.3624049e+01   2.8216612e-01
   1.3655586e+01   1.9732003e-01
   1.3687123e+01   9.2444730e-02
   1.3718660e+01  -1.6369929e-02
   1.3750197e+01  -1.1361388e-01
   1.3781735e+01  -1.8536003e-01
   1.3813272e+01  -2.2368584e-01
   1.3844809e+01  -2.2530284e-01
   1.3876346e+01  -1.9173557e-01
   1.3907883e+01  -1.3312127e-01
   1.3939420e+01  -6.1665066e-02
   1.3970958e+01   9.3524722e-03
   1.4002495e+01   6.7738506e-02
   1.4034032e+01   1.0593578e-01
   1.4065569e+01   1.2247154e-01
   1.4097106e+01   1.1984932e-01
   1.4128643e+01   1.0705707e-01
   1.4160180e+01   9.2889548e-02
   1.4191718e+01   8.8801446e-02
   1.4223255e+01   1.0052092e-01
   1.4254792e+01   1.3027811e-01
   1.4286329e+01   1.7384596e-01
   1.4317866e+01   2.2155014e-01
   1.4349403e+01   2.6228560e-01
   1.4380940e+01   2.8306120e-01
   1.4412478e+01   2.7215746e-01
   1.4444015e+01   2.2360416e-01
   1.4475552e+01   1.3682336e-01
   1.4507089e+01   2.4028596e-02
   1.4538626e+01  -1.0339818e-01
   1.4570163e+01  -2.2451986e-01
   1.4601701e+01  -3.2593316e-01
   1.4633238e+01  -3.8853118e-01
   1.4664775e+01  -4.0337826e-01
   1.4696312e+01  -3.6744632e-01
   1.4727849e+01  -2.8926772e-01
   1.4759386e+01  -1.8415931e-01
   1.4790923e+01  -7.0639678e-02
   1.4822461e+01   2.8689912e-02
   1.4853998e+01   9.3444076e-02
   1.4885535e+01   1.1113770e-01
   1.4917072e+01   7.6278060e-02
   1.4948609e+01  -9.3887010e-03
   1.4980146e+01  -1.3306728e-01
   1.5011683e+01  -2.7489502e-01
   1.5043221e+01  -4.1327924e-01
   1.5074758e+01  -5.1975940e-01
   1.5106295e+01  -5.8080624e-01
   1.5137832e+01  -5.9235514e-01
   1.5169369e+01  -5.0969768e-01
   1.5200906e+01  -4.1425898e-01
   1.5232444e+01  -2.3274062e-01
   1.5263981e+01  -4.5208116e-02
   1.5295518e+01   1.7043422e-01
   1.5327055e+01   3.6735772e-01
   1.5358592e+01   5.3845812e-01
   1.5390129e+01   6.5176424e-01
   1.5421666e+01   7.1578624e-01
   1.5453204e+01   7.3525304e-01
   1.5484741e+01   6.9576768e-01
   1.5516278e+01   6.0644770e-01
   1.5547815e+01   4.9698596e-01
   1.5579352e+01   3.9725930e-01
   1.5610889e+01   2.7791426e-01
   1.5642426e+01   1.9439767e-01
   1.5673964e+01   1.4375392e-01
   1.5705501e+01   1.1126324e-01
   1.5737038e+01   1.0380636e-01
   1.5768575e+01   1.1446352e-01
   1.5800112e+01   1.1767910e-01
   1.5831649e+01   1.2118208e-01
   1.5863187e+01   1.1120449e-01
   1.5894724e+01   7.5200858e-02
   1.5926261e+01   2.3206328e-02
   1.5957798e+01  -6.0074190e-02
   1.5989335e+01  -1.5396157e-01
   1.6020872e+01  -2.5350010e-01
   1.6052409e+01  -3.4591646e-01
   1.6083947e+01  -4.0840322e-01
   1.6115484e+01  -4.4118052e-01
   1.6147021e+01  -4.3199630e-01
   1.6178558e+01  -3.8339504e-01
   1.6210095e+01  -3.0366722e-01
   1.6241632e+01  -2.0241300e-01
   1.6273169e+01  -8.8129480e-02
   1.6304707e+01   1.3847367e-02
   1.6336244e+01   8.6325252e-02
   1.6367781e+01   1.2785615e-01
   1.6399318e+01   1.2967525e-01
   1.6430855e+01   9.7816646e-02
   1.6462392e+01   4.4240202e-02
   1.6493930e+01  -1.5599527e-02
   1.6525467e+01  -6.3747108e-02
   1.6557004e+01  -8.3381980e-02
   1.6588541e+01  -6.0369002e-02
   1.6620078e+01   7.1744658e-03
   1.6651615e+01   1.1875175e-01
   1.6683152e+01   2.6028640e-01
   1.6714690e+01   4.1632912e-01
   1.6746227e+01   5.5617100e-01
   1.6777764e+01   6.6499638e-01
   1.6809301e+01   7.1442974e-01
   1.6840838e+01   7.3586372e-01
   1.6872375e+01   6.6972862e-01
   1.6903913e+01   5.6478200e-01
   1.6935450e+01   4.2682688e-01
   1.6966987e+01   2.4164182e-01
   1.6998524e+01   7.0589982e-02
   1.7030061e+01  -8.2299742e-02
   1.7061598e+01  -1.9629378e-01
   1.7093135e+01  -2.5168602e-01
   1.7124673e+01  -2.7016720e-01
   1.7156210e+01  -2.8538056e-01
   1.7187747e+01  -2.5775892e-01
   1.7219284e+01  -2.2627586e-01
   1.7250821e+01  -2.1750242e-01
   1.7282358e+01  -2.1127840e-01
   1.7313895e+01  -2.1485978e-01
   1.7345433e+01  -2.4740620e-01
   1.7376970e+01  -3.1077402e-01
   1.7408507e+01  -3.6483114e-01
   1.7440044e+01  -3.9741558e-01
   1.7471581e+01  -4.1681020e-01
   1.7503118e+01  -4.0391278e-01
   1.7534656e+01  -3.6094260e-01
   1.7566193e+01  -3.1171412e-01
   1.7597730e+01  -2.3968408e-01
   1.7629267e+01  -1.6196428e-01
   1.7660804e+01  -9.7315024e-02
   1.7692341e+01  -4.1362172e-02
   1.7723878e+01   3.1996708e-03
   1.7755416e+01   3.5515646e-02
   1.7786953e+01   6.2295208e-02
   1.7818490e+01   8.9174280e-02
   1.7850027e+01   1.1660638e-01
   1.7881564e+01   1.4776065e-01
   1.7913101e+01   1.8762326e-01
   1.7944638e+01   2.3002096e-01
   1.7976176e+01   2.5750646e-01
   1.8007713e+01   2.6467276e-01
   1.8039250e+01   2.4901300e-01
   1.8070787e+01   2.0532316e-01
   1.8102324e+01   1.3658858e-01
   1.8133861e+01   3.8418320e-02
   1.8165399e+01  -7.8834706e-02
   1.8196936e+01  -1.9734070e-01
   1.8228473e+01  -3.0299534e-01
   1.8260010e+01  -3.8567050e-01
   1.8291547e+01  -4.3783878e-01
   1.8323084e+01  -4.5545490e-01
   1.8354621e+01  -4.3623636e-01
   1.8386159e+01  -3.8554902e-01
   1.8417696e+01  -3.1357938e-01
   1.8449233e+01  -2.2734534e-01
   1.8480770e+01  -1.3623447e-01
   1.8512307e+01  -4.7314748e-02
   1.8543844e+01   3.7330442e-02
   1.8575381e+01   1.1372246e-01
   1.8606919e+01   1.8025312e-01
   1.8638456e+01   2.3795184e-01
   1.8669993e+01   2.8855412e-01
   1.8701530e+01   3.3258872e-01
   1.8733067e+01   3.6693282e-01
   1.8764604e+01   3.8885332e-01
   1.8796142e+01   3.9536378e-01
   1.8827679e+01   3.8410442e-01
   1.8859216e+01   3.5464234e-01
   1.8890753e+01   3.0602552e-01
   1.8922290e+01   2.4117256e-01
   1.8953827e+01   1.6341800e-01
   1.8985364e+01   7.8190192e-02
   1.9016902e+01  -8.4984702e-03
   1.9048439e+01  -9.2668350e-02
   1.9079976e+01  -1.7012268e-01
   1.9111513e+01  -2.3825788e-01
   1.9143050e+01  -2.9566344e-01
   1.9174587e+01  -3.4254062e-01
   1.9206124e+01  -3.7772100e-01
   1.9237662e+01  -3.9993670e-01
   1.9269199e+01  -4.0552386e-01
   1.9300736e+01  -3.9156544e-01
   1.9332273e+01  -3.5341924e-01
   1.9363810e+01  -2.9126320e-01
   1.9395347e+01  -2.0617702e-01
   1.9426885e+01  -1.0342218e-01
   1.9458422e+01   7.3600252e-03
   1.9489959e+01   1.1262795e-01
   1.9521496e+01   1.9613397e-01
   1.9553033e+01   2.4178856e-01
   1.9584570e+01   2.3912572e-01
   1.9616107e+01   1.8166180e-01
   1.9647645e+01   7.3180432e-02
   1.9679182e+01  -7.5671506e-02
   1.9710719e+01  -2.4455770e-01
   1.9742256e+01  -4.0896350e-01
   1.9773793e+01  -5.4078382e-01
   1.9805330e+01  -6.2269904e-01
   1.9836867e+01  -6.3181948e-01
   1.9868405e+01  -5.6736884e-01
   1.9899942e+01  -4.2052190e-01
   1.9931479e+01  -2.2004104e-01
   1.9963016e+01   4.0634136e-02
   1.9994553e+01   2.5076880e-01
   2.0026090e+01   4.9278612e-01
   2.0057628e+01   7.0186480e-01
   2.0089164e+01   8.3610596e-01
   2.0120702e+01   9.0960844e-01
   2.0152238e+01   9.2969728e-01
   2.0183776e+01   8.9227104e-01
   2.0215314e+01   8.1606472e-01
   2.0246850e+01   6.8939504e-01
   2.0278388e+01   5.1840344e-01
   2.0309924e+01   3.3076876e-01
   2.0341462e+01   9.7886918e-02
   2.0373000e+01  -1.7721595e-01
   2.0404536e+01  -4.9841198e-01
   2.0436074e+01  -8.4847016e-01
   2.0467610e+01  -1.1921103e+00
   2.0499148e+01  -1.4949437e+00
   2.0530684e+01  -1.5709213e+00
   2.0562222e+01  -1.7156005e+00
   2.0593760e+01  -1.7882231e+00
   2.0625296e+01  -1.6193881e+00
   2.0656834e+01  -1.2929348e+00
   2.0688370e+01  -1.5429496e+00
   2.0719908e+01  -1.4918126e+00
   2.0751444e+01  -1.2856698e+00
   2.0782982e+01  -1.0361777e+00
   2.0814520e+01   2.9205318e-01
   2.0846056e+01   1.2936095e+00
   2.0877594e+01   2.0803406e+00
   2.0909130e+01   2.2681724e+00
   2.0940668e+01   2.3827618e+00
   2.0972204e+01   2.4015564e+00
   2.1003742e+01   2.1529026e+00
   2.1035280e+01   1.9923718e+00
   2.1066816e+01   1.6766045e+00
   2.1098354e+01   1.3038708e+00
   2.1129890e+01   1.0935595e+00
   2.1161428e+01   9.7850276e-01
   2.1192964e+01   8.4931144e-01
   2.1224502e+01   7.0535322e-01
   2.1256040e+01   5.3501188e-01
   2.1287576e+01   3.2926956e-01
   2.1319114e+01  -1.6429893e-01
   2.1350650e+01  -9.8482808e-01
   2.1382188e+01  -1.8671515e+00
   2.1413724e+01  -2.3930682e+00
   2.1445262e+01  -2.8616556e+00
   2.1476800e+01  -2.4968574e+00
   2.1508336e+01  -2.2993582e+00
   2.1539874e+01  -1.9523311e+00
   2.1571410e+01  -1.7206159e+00
   2.1602948e+01  -1.5401920e+00
   2.1634486e+01  -1.2051192e+00
   2.1666022e+01  -1.0481509e+00
   2.1697560e+01  -8.8410738e-01
   2.1729096e+01  -7.8432320e-01
   2.1760634e+01  -8.1540718e-01
   2.1792170e+01  -3.5120544e-01
   2.1823708e+01  -1.7058221e-01
   2.1855246e+01  -2.2991622e-01
   2.1886782e+01   2.4602156e-01
   2.1918320e+01  -2.4123512e-01
   2.1949856e+01  -5.0564072e-02
   2.1981394e+01   3.6978926e-01
   2.2012930e+01  -1.0679437e-01
   2.2044468e+01   1.2004762e-01
   2.2076006e+01  -1.8309132e-01
   2.2107542e+01   1.4274676e+00
   2.2139080e+01   4.4882054e+00
   2.2170616e+01   4.0684480e+00
   2.2202154e+01   3.0527788e+00
   2.2233690e+01   1.6544207e+00
   2.2265228e+01   2.6645260e+00
   2.2296766e+01   1.6950324e+00
   2.2328302e+01   1.5746317e+00
   2.2359840e+01   1.2678396e+00
   2.2391376e+01   1.0024439e+00
   2.2422914e+01   1.0178787e+00
   2.2454450e+01   7.7890092e-01
   2.2485988e+01   8.7587200e-01
   2.2517526e+01   5.9393594e-01
   2.2549062e+01   3.8126306e-01
   2.2580600e+01   5.0486702e-01
   2.2612136e+01  -9.8990692e-01
   2.2643674e+01  -4.7774876e+00
   2.2675210e+01  -1.7032166e+00
   2.2706748e+01  -2.5782810e+00
   2.2738286e+01  -2.1009236e+00
   2.2769822e+01  -8.1901650e-01
   2.2801360e+01  -1.9402457e+00
   2.2832896e+01   2.9092964e+00
   2.2864434e+01   5.8648442e-01
   2.2895972e+01   2.8652722e+00
   2.2927508e+01   1.6511320e+00
   2.2959046e+01   8.4463760e-01
   2.2990582e+01   1.2624268e+00
   2.3022120e+01   1.0242856e+00
   2.3053656e+01   9.8575856e-02
   2.3085194e+01   8.6244704e-01
   2.3116732e+01   5.6506806e-01
   2.3148268e+01   5.2938768e-01
   2.3179806e+01  -1.4404158e-01
   2.3211342e+01   5.4421908e-01
   2.3242880e+01  -1.4789630e-02
   2.3274416e+01   1.9034292e-02
   2.3305954e+01  -3.4279894e-02
   2.3337492e+01  -1.0895670e-01
   2.3369028e+01  -5.1544542e-01
   2.3400566e+01  -1.3146048e-01
   2.3432102e+01  -2.7950226e-01
   2.3463640e+01  -4.4892030e-01
   2.3495176e+01  -4.2444696e-01
   2.3526714e+01   2.6458642e-02
   2.3558252e+01  -2.9878930e+00
   2.3589788e+01  -1.6548927e+00
   2.3621326e+01  -1.2174499e+00
   2.3652862e+01  -4.0977384e-01
   2.3684400e+01  -1.3271103e+00
   2.3715936e+01   5.8791366e-01
   2.3747474e+01   8.7194546e-01
   2.3779012e+01   1.3966302e-01
   2.3810548e+01   6.0939204e-01
   2.3842086e+01   6.8590582e-01
   2.3873622e+01   5.0642350e-01
   2.3905160e+01   3.1688562e-01
   2.3936696e+01   5.0043728e-01
   2.3968234e+01   1.3133269e-01
   2.3999772e+01  -1.0473204e+00
   2.4031308e+01  -8.4882428e-01
   2.4062846e+01  -1.8145356e+00
   2.4094382e+01  -6.2090306e-01
   2.4125920e+01  -6.8957760e-01
   2.4157458e+01  -8.1503776e-01
   2.4188994e+01  -6.9559028e-01
   2.4220532e+01  -6.8157030e-01
   2.4252068e+01  -4.6575036e-01
   2.4283606e+01  -3.7129128e-01
   2.4315142e+01  -4.1127712e-01
   2.4346680e+01  -3.7890602e-01
   2.4378218e+01  -3.0200458e-01
   2.4409754e+01  -2.8487264e-01
   2.4441292e+01  -2.3229378e-01
   2.4472828e+01  -2.7836106e-01
   2.4504366e+01   4.2197172e-01
   2.4535902e+01   2.6603448e+00
   2.4567440e+01   8.3719880e-01
   2.4598978e+01   1.0304498e+00
   2.4630514e+01   1.7591689e+00
   2.4662052e+01   8.7768826e-02
   2.4693588e+01   5.7018036e-01
   2.4725126e+01   8.6933316e-01
   2.4756662e+01   8.2433170e-01
   2.4788200e+01   2.7077686e-01
   2.4819738e+01  -9.2671758e-01
   2.4851274e+01  -1.1736338e+00
   2.4882812e+01  -1.3358489e+00
   2.4914348e+01  -1.0727128e+00
   2.4945886e+01  -8.4909358e-01
   2.4977422e+01  -8.0794604e-01
   2.5008960e+01  -7.3918318e-01
   2.5040498e+01  -6.1318486e-01
   2.5072034e+01  -5.6698634e-01
   2.5103572e+01  -5.1692832e-01
   2.5135108e+01  -4.1691762e-01
   2.5166646e+01  -3.5793280e-01
   2.5198184e+01  -3.4197864e-01
   2.5229720e+01  -3.1430110e-01
   2.5261258e+01  -2.4138236e-01
   2.5292794e+01  -1.8825909e-01
   2.5324332e+01  -1.1523872e-01
   2.5355868e+01  -2.6951630e-02
   2.5387406e+01  -6.9546540e-02
   2.5418944e+01   1.1984104e-02
   2.5450480e+01   4.4572848e-02
   2.5482018e+01   1.1711471e-01
   2.5513554e+01   7.5240238e-02
   2.5545092e+01   1.7385186e-01
   2.5576628e+01   3.0930056e-01
   2.5608166e+01   3.1647434e-01
   2.5639704e+01   3.9339522e-01
   2.5671240e+01   3.6119718e-01
   2.5702778e+01   3.4407420e-01
   2.5734314e+01   3.5682446e-01
   2.5765852e+01   2.8898838e-01
   2.5797388e+01   2.2842046e-01
   2.5828926e+01   1.9603186e-01
   2.5860464e+01   9.7436392e-02
   2.5892000e+01   1.0352033e-01
   2.5923538e+01   5.9601188e-02
   2.5955074e+01   4.4715608e-01
   2.5986612e+01   5.1947402e-01
   2.6018148e+01   8.8502008e-01
   2.6049686e+01   8.1486762e-01
   2.6081224e+01   7.1115802e-01
   2.6112760e+01   4.5592722e-01
   2.6144298e+01   6.7020598e-01
   2.6175834e+01   5.3125710e-01
   2.6207372e+01   3.5872624e-01
   2.6238908e+01   4.0187762e-01
   2.6270446e+01   3.6998286e-01
   2.6301984e+01   3.6458936e-01
   2.6333520e+01   3.4507474e-01
   2.6365058e+01   2.4833218e-01
   2.6396594e+01   2.0981292e-01
   2.6428132e+01   1.8922068e-01
   2.6459670e+01   2.3468598e-01
   2.6491206e+01   2.5803504e-01
   2.6522744e+01   2.0524418e-01
   2.6554280e+01   9.9938832e-02
   2.6585818e+01  -2.6871170e+00
   2.6617354e+01  -5.7242700e-01
   2.6648892e+01  -1.2048287e+00
   2.6680430e+01  -3.7690930e-01
   2.6711966e+01  -4.7745960e-01
   2.6743504e+01  -1.0623833e+00
   2.6775040e+01  -2.5905890e-01
   2.6806578e+01  -1.9077134e-01
   2.6838114e+01  -2.5407034e-01
   2.6869652e+01   7.0061958e-02
   2.6901190e+01  -3.1934222e-01
   2.6932726e+01   1.8629137e-01
   2.6964264e+01   1.4119460e-01
   2.6995800e+01   2.0650248e-01
   2.7027338e+01   1.9060497e-01
   2.7058874e+01   8.1020690e-02
   2.7090412e+01   1.7370868e-01
   2.7121950e+01   1.6992257e-01
   2.7153486e+01   4.5562126e-02
   2.7185024e+01   1.5325629e-01
   2.7216560e+01   6.5815346e-02
   2.7248098e+01   3.7721296e-02
   2.7279634e+01   7.0633188e-02
   2.7311172e+01  -5.7392334e-02
   2.7342710e+01  -5.1695602e-02
   2.7374246e+01  -7.5361688e-02
   2.7405784e+01  -7.5252940e-02
   2.7437320e+01  -1.0560744e-01
   2.7468858e+01  -1.0429753e-01
   2.7500394e+01   5.2754320e-01
   2.7531932e+01   9.8465114e-02
   2.7563470e+01   3.3262460e-01
   2.7595006e+01   4.2889074e-01
   2.7626544e+01   5.0326866e-01
   2.7658080e+01   5.3530208e-01
   2.7689618e+01   4.9799430e-01
   2.7721156e+01   3.1523540e-01
   2.7752692e+01   3.8690090e-01
   2.7784230e+01   3.5862456e-01
   2.7815766e+01   3.1007608e-01
   2.7847304e+01   3.0142358e-01
   2.7878840e+01   1.8777357e-01
   2.7910378e+01   2.6493828e-01
   2.7941916e+01   1.6843751e-01
   2.7973452e+01   1.7091109e-01
   2.8004990e+01   6.7405004e-02
   2.8036526e+01   1.5233869e-01
   2.8068064e+01   6.6642148e-02
   2.8099600e+01   8.8913062e-02
   2.8131138e+01   3.5321222e-02
   2.8162676e+01   1.0633524e-01
   2.8194212e+01   3.0480516e-02
   2.8225750e+01   7.4577752e-02
   2.8257286e+01   9.7651282e-02
   2.8288824e+01   1.1093686e-01
   2.8320360e+01   1.4478753e-01
   2.8351898e+01   1.4058781e-01
   2.8383436e+01   1.4218987e-01
   2.8414972e+01   1.1295226e-01
   2.8446510e+01   1.1247910e-01
   2.8478046e+01   9.6195956e-02
   2.8509584e+01   1.0889291e-01
   2.8541120e+01   1.2142535e-01
   2.8572658e+01   6.8427418e-02
   2.8604196e+01   5.3078620e-02
   2.8635732e+01   4.5145236e-02
   2.8667270e+01  -1.5788583e-02
   2.8698806e+01  -1.9691766e-02
   2.8730344e+01  -3.3134008e-02
   2.8761880e+01  -9.1989282e-02
   2.8793418e+01  -1.8925907e-01
   2.8824956e+01  -1.5660225e-01
   2.8856492e+01  -1.1898879e-01
   2.8888030e+01  -1.8909423e-01
   2.8919566e+01  -1.6776129e-01
   2.8951104e+01  -1.8299171e-01
   2.8982642e+01  -2.1179392e-01
   2.9014178e+01  -2.0611782e-01
   2.9045716e+01  -1.7857481e-01
   2.9077252e+01  -1.3364691e-01
   2.9108790e+01  -1.3762709e-01
   2.9140326e+01  -1.2267494e-01
   2.9171864e+01  -6.6678986e-02
   2.9203402e+01  -8.4381640e-02
   2.9234938e+01  -4.6273172e-02
   2.9266476e+01   1.0230899e-02
   2.9298012e+01   3.2817414e-02
   2.9329550e+01  -2.2500514e-01
   2.9361086e+01  -1.8726737e+00
   2.9392624e+01  -2.1862520e-01
   2.9424162e+01  -2.3881338e-01
   2.9455698e+01  -1.2144638e+00
   2.9487236e+01  -1.1419436e-02
   2.9518772e+01  -4.3495758e-01
   2.9550310e+01  -7.1428954e-01
   2.9581846e+01   8.6159080e-02
   2.9613384e+01  -4.9422918e-01
   2.9644922e+01  -4.6904920e-01
   2.9676458e+01   1.3109879e-01
   2.9707996e+01  -3.8792638e-01
   2.9739532e+01  -6.0204426e-03
   2.9771070e+01  -6.9272910e-02
   2.9802606e+01  -2.1659316e-02
   2.9834144e+01   1.2499317e-01
   2.9865682e+01   1.3679391e-01
   2.9897218e+01   1.7751717e-01
   2.9928756e+01   2.1986444e-01
   2.9960292e+01   2.4898420e-01
   2.9991830e+01   1.9057372e-01
   3.0023366e+01   2.0229248e-01
   3.0054904e+01   1.7596281e-01
   3.0086442e+01   7.8820438e-02
   3.0117978e+01   1.4814519e-01
   3.0149516e+01   1.1479006e-01
   3.0181052e+01   4.2028454e-02
   3.0212590e+01  -2.2681138e-02
   3.0244128e+01   4.7085226e-02
   3.0275664e+01   1.0361181e-01
   3.0307202e+01   4.6459634e-02
   3.0338738e+01  -4.5719084e-03
   3.0370276e+01   2.5426258e-02
   3.0401812e+01   1.9199887e-02
   3.0433350e+01   1.8648247e-02
   3.0464888e+01   4.8294788e-02
   3.0496424e+01   5.8554624e-02
   3.0527962e+01   1.3277907e-02
   3.0559498e+01  -2.9566938e-02
   3.0591036e+01   8.0026942e-02
   3.0622572e+01   1.1351215e-03
   3.0654110e+01  -4.6825898e-02
   3.0685648e+01  -7.2873206e-03
   3.0717184e+01  -5.7623844e-02
   3.0748722e+01  -1.2674497e-01
   3.0780258e+01   2.1240610e-01
   3.0811796e+01   3.1957140e-01
   3.0843332e+01  -1.4420521e-01
   3.0874870e+01  -2.4944046e-02
   3.0906408e+01  -2.5317304e-01
   3.0937944e+01  -2.3991122e-01
   3.0969482e+01  -2.1375098e-01
   3.1001018e+01  -1.2414426e-01
   3.1032556e+01  -2.9436564e-01
   3.1064092e+01  -1.7089677e-01
   3.1095630e+01  -1.5249553e-01
   3.1127168e+01  -1.3750794e-01
   3.1158704e+01  -1.7415948e-01
   3.1190242e+01  -8.8824318e-02
   3.1221778e+01  -8.7771394e-02
   3.1253316e+01  -7.3963924e-02
   3.1284852e+01  -3.6665230e-02
   3.1316390e+01  -7.1103694e-05
   3.1347928e+01   2.4900600e-02
   3.1379464e+01   5.8085050e-02
   3.1411002e+01   6.3845240e-02
   3.1442538e+01   1.0478997e-01
   3.1474076e+01   1.4230157e-01
   3.1505614e+01   1.6246392e-01
   3.1537150e+01   1.4956429e-01
   3.1568688e+01   1.2298629e-01
   3.1600224e+01   1.0839634e-01
   3.1631762e+01   1.0918452e-01
   3.1663298e+01   9.5620758e-02
   3.1694836e+01   4.7052622e-02
   3.1726374e+01   9.1899232e-02
   3.1757910e+01   3.5121510e-02
   3.1789448e+01   4.3281934e-02
   3.1820984e+01  -1.8311769e-03
   3.1852522e+01  -6.4685466e-02
   3.1884058e+01  -5.0612520e-02
   3.1915596e+01   4.9608990e-01
   3.1947134e+01   1.4084407e-01
   3.1978670e+01   3.2719470e-02
   3.2010208e+01   4.4076366e-01
   3.2041744e+01   1.0950975e-01
   3.2073282e+01   1.6068136e-01
   3.2104818e+01   4.0044334e-01
   3.2136356e+01   1.3503869e-01
   3.2167894e+01   2.2303286e-01
   3.2199430e+01   3.2646282e-01
   3.2230968e+01   9.3951588e-02
   3.2262504e+01   2.2142628e-01
   3.2294042e+01   1.5433746e-01
   3.2325578e+01   3.3524442e-01
   3.2357116e+01   1.8837981e-01
   3.2388654e+01   1.2378102e-01
   3.2420190e+01   1.9273673e-01
   3.2451728e+01   1.6898149e-01
   3.2483264e+01   1.5790873e-01
   3.2514802e+01   1.7839573e-01
   3.2546338e+01   1.0478637e-01
   3.2577876e+01   1.1292570e-01
   3.2609414e+01   6.0705938e-02
   3.2640950e+01   4.7043324e-02
   3.2672488e+01   5.7201978e-02
   3.2704024e+01   2.3180976e-02
   3.2735562e+01   7.6271928e-02
   3.2767100e+01   5.8429126e-02
   3.2798636e+01   2.3146280e-02
   3.2830174e+01   3.6422142e-03
   3.2861710e+01  -1.9897859e-02
   3.2893248e+01  -4.8011990e-02
   3.2924784e+01  -4.3257900e-02
   3.2956322e+01  -8.3234822e-02
   3.2987860e+01  -4.6685684e-02
   3.3019396e+01  -1.1469195e-01
   3.3050934e+01  -1.8874038e-01
   3.3082470e+01  -1.6497471e-01
   3.3114008e+01  -1.7090409e-01
   3.3145544e+01  -1.5643249e-01
   3.3177082e+01  -1.6021208e-01
   3.3208620e+01  -1.2661635e-01
   3.3240156e+01  -7.6795092e-02
   3.3271694e+01  -4.6384580e-02
   3.3303230e+01  -2.0273112e-02
   3.3334768e+01  -1.6622928e+00
   3.3366304e+01  -2.4008732e-01
   3.3397842e+01   1.3638551e-01
   3.3429380e+01  -8.0230310e-01
   3.3460916e+01   9.2748664e-02
   3.3492454e+01   1.9463672e-01
   3.3523990e+01  -4.9446600e-01
   3.3555528e+01   2.3186248e-01
   3.3587064e+01   6.6138292e-02
   3.3618602e+01  -1.5947264e-01
   3.3650140e+01   3.1244940e-01
   3.3681676e+01   4.9007364e-02
   3.3713214e+01  -1.3785544e-01
   3.3744750e+01   1.2220078e-01
   3.3776288e+01  -1.7102126e-01
   3.3807826e+01   3.1423982e-02
   3.3839362e+01  -2.1680964e-02
   3.3870900e+01  -7.9520826e-02
   3.3902436e+01   6.7154938e-02
   3.3933974e+01  -4.9698438e-02
   3.3965510e+01  -4.7021784e-03
   3.3997048e+01  -5.4473606e-03
   3.4028586e+01  -7.8657888e-02
   3.4060122e+01   6.2722374e-03
   3.4091660e+01   3.2292594e-02
   3.4123196e+01  -5.5768886e-02
   3.4154734e+01  -4.7220108e-02
   3.4186270e+01  -1.2277004e-02
   3.4217808e+01  -3.8343970e-02
   3.4249346e+01   1.1387003e-01
   3.4280882e+01  -2.7552040e-02
   3.4312420e+01   3.7714912e-02
   3.4343956e+01  -2.7711134e-02
   3.4375494e+01   2.9291180e-02
   3.4407030e+01   8.3806576e-02
   3.4438568e+01   1.3674511e-03
   3.4470106e+01   3.9973056e-02
   3.4501642e+01   2.7430682e-02
   3.4533180e+01   2.2587554e-02
   3.4564716e+01  -2.0121724e-02
   3.4596254e+01   4.4852442e-02
   3.4627790e+01   3.5315232e-02
   3.4659328e+01   1.6600665e-02
   3.4690866e+01   7.3890406e-03
   3.4722402e+01  -2.5333204e-02
   3.4753940e+01  -2.0082492e-02
   3.4785476e+01   1.7866177e-01
   3.4817014e+01   9.6833908e-04
   3.4848550e+01   5.0365910e-02
   3.4880088e+01   6.7989658e-02
   3.4911626e+01   1.0264462e-01
   3.4943162e+01   4.2167106e-02
   3.4974700e+01   8.6543848e-02
   3.5006236e+01   6.9131276e-02
   3.5037774e+01   6.4420038e-02
   3.5069312e+01   8.1957140e-02
   3.5100848e+01   5.9320468e-02
   3.5132386e+01   1.2312296e-01
   3.5163922e+01   1.1538417e-01
   3.5195460e+01   6.1750066e-02
   3.5226996e+01   7.0893382e-02
   3.5258534e+01   1.1228811e-01
   3.5290072e+01   4.0944378e-02
   3.5321608e+01   5.8251752e-02
   3.5353146e+01   7.9484914e-02
   3.5384682e+01   7.9484012e-02
   3.5416220e+01   6.3402718e-02
   3.5447756e+01   5.9357588e-02
   3.5479294e+01   7.8054326e-02
   3.5510832e+01   6.8313928e-02
   3.5542368e+01   3.7526372e-02
   3.5573906e+01   6.8334396e-02
   3.5605442e+01   4.7770172e-02
   3.5636980e+01   1.4843998e-02
   3.5668516e+01   2.4969334e-02
   3.5700054e+01   3.0095028e-02
   3.5731592e+01   1.6047485e-02
   3.5763128e+01   2.3166934e-02
   3.5794666e+01   3.1683216e-02
   3.5826202e+01   6.4831694e-02
   3.5857740e+01   8.0366646e-02
   3.5889276e+01  -7.2937400e-02
   3.5920814e+01  -1.5640476e+00
   3.5952352e+01   2.9865012e-01
   3.5983888e+01  -2.0039796e-01
   3.6015426e+01  -5.0208046e-01
   3.6046962e+01  -3.3111568e-01
   3.6078500e+01  -9.6705932e-02
   3.6110036e+01  -1.4730512e-01
   3.6141574e+01  -1.4054183e-01
   3.6173112e+01  -3.1569344e-02
   3.6204648e+01  -2.0813110e-02
   3.6236186e+01   9.1913724e-02
   3.6267722e+01   6.8655550e-02
   3.6299260e+01   1.7607975e-02
   3.6330798e+01  -3.8464726e-02
   3.6362334e+01   3.6182122e-02
   3.6393872e+01   1.7936701e-02
   3.6425408e+01   1.1507700e-02
   3.6456946e+01   4.6446874e-02
   3.6488482e+01   7.0241346e-02
   3.6520020e+01  -1.6100089e-03
   3.6551558e+01   8.8200446e-03
   3.6583094e+01   3.7396742e-02
   3.6614632e+01  -6.8757514e-03
   3.6646168e+01  -9.0399688e-03
   3.6677706e+01   3.7846376e-02
   3.6709242e+01   1.4129293e-02
   3.6740780e+01   1.5768820e-02
   3.6772318e+01   1.8136963e-02
   3.6803854e+01   2.7457218e-02
   3.6835392e+01  -2.0578752e-04
   3.6866928e+01   1.8131901e-02
   3.6898466e+01   1.5842732e-03
   3.6930002e+01   1.9045102e-02
   3.6961540e+01   2.2514690e-02
   3.6993078e+01   6.7479266e-03
   3.7024614e+01   2.9163044e-02
   3.7056152e+01   2.1110112e-02
   3.7087688e+01   2.4200038e-02
   3.7119226e+01   4.0999782e-03
   3.7150762e+01   2.0233582e-02
   3.7182300e+01  -8.2986774e-03
   3.7213838e+01   7.7518426e-03
   3.7245374e+01   6.1207550e-03
   3.7276912e+01   1.0204618e-03
   3.7308448e+01   1.0174305e-02
   3.7339986e+01   2.5030652e-03
   3.7371522e+01  -9.8162758e-03
   3.7403060e+01  -5.3728134e-02
   3.7434598e+01  -3.8147700e-02
   3.7466134e+01  -4.5708894e-02
   3.7497672e+01   3.6220766e-01
   3.7529208e+01  -6.1039196e-02
   3.7560746e+01   9.1593884e-02
   3.7592284e+01   1.0269686e-01
   3.7623820e+01   2.3659788e-01
   3.7655358e+01   8.8260976e-02
   3.7686894e+01   4.4227282e-02
   3.7718432e+01   1.6139868e-01
   3.7749968e+01   1.7064443e-01
   3.7781506e+01   1.1977356e-01
   3.7813044e+01   7.4278188e-02
   3.7844580e+01   1.4515740e-01
   3.7876118e+01   1.4059617e-01
   3.7907654e+01   1.3896936e-01
   3.7939192e+01   1.1091428e-01
   3.7970728e+01   1.2318764e-01
   3.8002266e+01   1.2995093e-01
   3.8033804e+01   1.3795738e-01
   3.8065340e+01   1.1152285e-01
   3.8096878e+01   1.4063512e-01
   3.8128414e+01   1.1856561e-01
   3.8159952e+01   9.6270782e-02
   3.8191488e+01   9.4823648e-02
   3.8223026e+01   1.0103290e-01
   3.8254564e+01   1.4413256e-01
   3.8286100e+01   1.1816313e-01
   3.8317638e+01   7.6019272e-02
   3.8349174e+01   7.8930104e-02
   3.8380712e+01   4.2791094e-02
   3.8412248e+01   8.0652336e-02
   3.8443786e+01   8.4804458e-02
   3.8475324e+01   3.4132576e-02
   3.8506860e+01   7.9820216e-03
   3.8538398e+01   7.4859238e-02
   3.8569934e+01   8.2588400e-02
   3.8601472e+01   3.7996972e-02
   3.8633008e+01  -8.4328514e-02
   3.8664546e+01  -3.2556392e-02
   3.8696084e+01  -1.8194583e-01
   3.8727620e+01  -2.5678838e-01
   3.8759158e+01  -2.2949586e-01
   3.8790694e+01  -3.0830478e-01
   3.8822232e+01  -3.2357262e-01
   3.8853770e+01  -3.7095876e-01
   3.8885306e+01  -3.5029100e-01
   3.8916844e+01  -2.5606240e-01
   3.8948380e+01  -1.3584983e-01
   3.8979918e+01  -1.2459527e-01
   3.9011454e+01  -1.2367928e-01
   3.9042992e+01  -1.3265796e-01
   3.9074530e+01  -1.2267630e-01
   3.9106066e+01  -9.0105232e-02
   3.9137604e+01  -1.2834510e-01
   3.9169140e+01   2.1914926e-02
   3.9200678e+01  -2.3163186e-02
   3.9232214e+01  -1.1703220e-02
   3.9263752e+01  -8.3623334e-02
   3.9295290e+01   3.8823334e-03
   3.9326826e+01   2.6360216e-03
   3.9358364e+01   2.8514234e-02
   3.9389900e+01  -5.9285554e-02
   3.9421438e+01  -7.7206078e-02
   3.9452974e+01  -4.3179056e-02
   3.9484512e+01  -6.0030048e-04
   3.9516050e+01  -6.0105924e-03
   3.9547586e+01  -6.1367668e-02
   3.9579124e+01  -1.0054556e-02
   3.9610660e+01   2.6576782e-03
   3.9642198e+01   4.6191370e-02
   3.9673734e+01  -1.5726577e-01
   3.9705272e+01  -3.2206190e-01
   3.9736810e+01   4.3049842e-02
   3.9768346e+01   1.9543326e-02
   3.9799884e+01  -4.9128174e-02
   3.9831420e+01  -1.5546629e-01
   3.9862958e+01   1.8975951e-02
   3.9894494e+01   7.4635874e-02
   3.9926032e+01   4.3371502e-02
   3.9957570e+01  -5.8185892e-02
   3.9989106e+01   3.8337762e-02
   4.0020644e+01   6.1083996e-02
   4.0052180e+01   8.3275624e-02
   4.0083718e+01   1.5709668e-02
   4.0115256e+01   4.4412816e-03
   4.0146792e+01   6.0535342e-02
   4.0178330e+01   2.4793024e-02
   4.0209866e+01   1.6898713e-04
   4.0241404e+01  -4.3332494e-02
   4.0272940e+01  -5.4815752e-02
   4.0304478e+01   2.4897046e-02
   4.0336016e+01  -4.5912258e-02
   4.0367552e+01   1.1231117e-01
   4.0399090e+01  -1.9542375e-01
   4.0430626e+01   5.7564412e-02
   4.0462164e+01  -3.2515904e-03
   4.0493700e+01  -2.6162428e-02
   4.0525238e+01   8.3425044e-02
   4.0556776e+01  -3.5472502e-02
   4.0588312e+01  -1.2235916e-01
   4.0619850e+01   3.5573254e-03
   4.0651386e+01   5.7124580e-02
   4.0682924e+01   3.8933038e-02
   4.0714460e+01   8.1518058e-02
   4.0745998e+01   5.5308874e-03
   4.0777536e+01  -3.4960966e-02
   4.0809072e+01  -2.5480434e-03
   4.0840610e+01   2.3157004e-02
   4.0872146e+01  -1.9401882e-03
   4.0903684e+01  -1.9849563e-02
   4.0935220e+01   5.8317784e-02
   4.0966758e+01   4.4507834e-03
   4.0998296e+01  -4.1342674e-02
   4.1029832e+01  -7.5666490e-04
   4.1061370e+01   6.6605766e-02
   4.1092906e+01  -3.2098672e-02
   4.1124444e+01  -1.4656703e-02
   4.1155980e+01   3.8782740e-03
   4.1187518e+01   1.1821117e-02
   4.1219056e+01  -5.0114644e-02
   4.1250592e+01   2.7027778e-02
   4.1282130e+01   8.2896720e-02
   4.1313666e+01  -9.1894304e-02
   4.1345204e+01  -3.1971622e-02
   4.1376742e+01   1.4906401e-01
   4.1408278e+01  -4.0238198e-02
   4.1439816e+01  -3.1954426e-02
   4.1471352e+01  -4.5002672e-03
   4.1502890e+01   5.5555866e-03
   4.1534426e+01   4.7730722e-02
   4.1565964e+01   1.7829951e-02
   4.1597502e+01  -5.0827194e-02
   4.1629038e+01  -1.1362853e-01
   4.1660576e+01   1.3515137e-02
   4.1692112e+01   4.0689598e-01
   4.1723650e+01  -1.2630761e-01
   4.1755186e+01  -6.1832204e-02
   4.1786724e+01  -6.4633076e-02
   4.1818262e+01   8.9597432e-02
   4.1849798e+01   3.8895806e-02
   4.1881336e+01  -1.2935469e-01
   4.1912872e+01   3.6653250e-03
   4.1944410e+01  -9.6743914e-03
   4.1975946e+01   9.0883802e-02
   4.2007484e+01  -1.5706793e-02
   4.2039022e+01  -2.8456392e-02
   4.2070558e+01   1.2423834e-02
   4.2102096e+01   5.7398160e-02
   4.2133632e+01   3.2922208e-02
   4.2165170e+01  -3.2407174e-02
   4.2196706e+01  -3.1084574e-02
   4.2228244e+01   2.4132508e-02
   4.2259782e+01   2.0081252e-02
   4.2291318e+01  -4.8234622e-03
   4.2322856e+01  -2.9540644e-02
   4.2354392e+01   5.0494902e-03
   4.2385930e+01   4.8109382e-03
   4.2417468e+01  -3.7417406e-03
   4.2449004e+01  -4.5194688e-03
   4.2480542e+01   1.2430223e-02
   4.2512078e+01   2.4129294e-02
   4.2543616e+01  -4.4009198e-03
   4.2575152e+01   3.6451276e-04
   4.2606690e+01   6.1988078e-03
   4.2638228e+01   8.9793328e-03
   4.2669764e+01  -5.9520746e-03
   4.2701302e+01  -5.3072882e-03
   4.2732838e+01  -1.7151968e-02
   4.2764376e+01  -1.8839716e-02
   4.2795912e+01  -1.8419148e-03
   4.2827450e+01   2.2069270e-02
   4.2858988e+01  -2.8866816e-03
   4.2890524e+01  -1.0146368e-02
   4.2922062e+01   1.2251932e-02
   4.2953598e+01  -1.4816792e-02
   4.2985136e+01  -7.9289970e-03
   4.3016672e+01  -3.0952144e-03
   4.3048210e+01   5.4517474e-03
   4.3079748e+01   7.4506716e-03
   4.3111284e+01   5.7106902e-03
   4.3142822e+01   9.0044950e-03
   4.3174358e+01  -1.6293419e-03
   4.3205896e+01  -1.3616714e-02
   4.3237432e+01  -1.8143263e-03
   4.3268970e+01   1.6216471e-02
   4.3300508e+01  -7.1611400e-03
   4.3332044e+01   2.2616322e-02
   4.3363582e+01   2.7720632e-03
   4.3395118e+01   1.3102418e-02
   4.3426656e+01   1.8882396e-03
   4.3458192e+01   3.7459420e-03
   4.3489730e+01   5.3027534e-03
   4.3521268e+01   1.6905240e-04
   4.3552804e+01   9.7217018e-03
   4.3584342e+01  -2.1792082e-03
   4.3615878e+01   5.3410572e-03
   4.3647416e+01  -1.3017815e-02
   4.3678954e+01  -7.6961978e-03
   4.3710490e+01   8.1013608e-03
   4.3742028e+01   3.6810780e-03
   4.3773564e+01  -5.1021466e-03
   4.3805102e+01  -3.5125136e-04
   4.3836638e+01  -2.3337526e-03
   4.3868176e+01   4.5927152e-03
   4.3899714e+01  -7.7571258e-03
   4.3931250e+01  -1.9371099e-02
   4.3962788e+01  -7.2300286e-03
   4.3994324e+01   8.9630396e-03
   4.4025862e+01  -1.0543784e-02
   4.4057398e+01   7.6479094e-04
   4.4088936e+01  -7.6201866e-03
   4.4120474e+01   8.9561148e-04
   4.4152010e+01   6.0190586e-03
   4.4183548e+01   7.3137008e-03
   4.4215084e+01  -4.8051840e-03
   4.4246622e+01   1.1800823e-02
   4.4278158e+01   4.2683570e-03
   4.4309696e+01   3.2536550e-02
   4.4341234e+01  -7.2648652e-02
   4.4372770e+01  -1.0005865e-01
   4.4404308e+01  -3.5694628e-02
   4.4435844e+01   2.6485044e-02
   4.4467382e+01  -4.1730804e-02
   4.4498918e+01  -5.6334756e-02
   4.4530456e+01  -2.7868210e-02
   4.4561994e+01   1.7033956e-02
   4.4593530e+01   1.6401829e-02
   4.4625068e+01   7.1699824e-03
   4.4656604e+01   2.5327212e-03
   4.4688142e+01   2.2667148e-02
   4.4719678e+01  -1.0410189e-02
   4.4751216e+01   1.3979210e-02
   4.4782754e+01   1.7465259e-02
   4.4814290e+01   1.4665505e-02
   4.4845828e+01  -3.0977446e-02
   4.4877364e+01  -3.4963112e-02
   4.4908902e+01  -6.3058898e-02
   4.4940440e+01  -3.6459566e-02
   4.4971976e+01  -3.5338584e-02
   4.5003514e+01  -3.6509914e-02
   4.5035050e+01  -4.8977638e-02
   4.5066588e+01  -1.9991758e-02
   4.5098124e+01  -9.2500438e-03
   4.5129662e+01  -4.5814124e-03
   4.5161200e+01   2.1156170e-02
   4.5192736e+01   6.2994032e-02
   4.5224274e+01   7.1274666e-02
   4.5255810e+01   4.4098748e-04
   4.5287348e+01   3.9844546e-02
   4.5318884e+01  -2.5291864e-02
   4.5350422e+01   2.5098282e-02
   4.5381960e+01  -9.9040614e-03
   4.5413496e+01   1.3853276e-01
   4.5445034e+01   2.5625932e-02
   4.5476570e+01  -3.8900448e-02
   4.5508108e+01  -1.9099719e-02
   4.5539644e+01   3.2284338e-03
   4.5571182e+01   6.2005776e-02
   4.5602720e+01   3.0139166e-02
   4.5634256e+01  -4.8775142e-02
   4.5665794e+01  -3.5963804e-02
   4.5697330e+01   1.0959081e-02
   4.5728868e+01   1.3479061e-02
   4.5760404e+01  -4.4924136e-02
   4.5791942e+01  -7.4722458e-02
   4.5823480e+01  -7.2115822e-02
   4.5855016e+01  -5.6645902e-02
   4.5886554e+01  -5.4710896e-03
   4.5918090e+01  -1.5770100e-02
   4.5949628e+01  -7.9947552e-02
   4.5981164e+01  -1.8123083e-02
   4.6012702e+01   4.6702016e-01
   4.6044240e+01  -2.2912602e-01
   4.6075776e+01   7.5299490e-02
   4.6107314e+01   1.1397957e-01
   4.6138850e+01   9.3793926e-02
   4.6170388e+01  -6.4414194e-02
   4.6201926e+01  -7.9555514e-02
   4.6233462e+01  -1.8277460e-02
   4.6265000e+01   7.9374842e-02
   4.6296536e+01  -3.1468324e-02
   4.6328074e+01   5.0511762e-02
   4.6359610e+01  -6.0724874e-02
   4.6391148e+01   4.2089430e-02
   4.6422686e+01   5.4906804e-02
   4.6454222e+01  -4.2364686e-02
   4.6485760e+01  -1.7765248e-02
   4.6517296e+01  -2.8397368e-02
   4.6548834e+01   4.0982354e-02
   4.6580370e+01  -2.6948020e-03
   4.6611908e+01  -2.0239986e-02
   4.6643446e+01  -4.6649646e-03
   4.6674982e+01   1.7150887e-02
   4.6706520e+01  -5.6855470e-03
   4.6738056e+01  -2.3156448e-02
   4.6769594e+01  -1.1640900e-02
   4.6801130e+01   4.0328594e-03
   4.6832668e+01   7.4571892e-03
   4.6864206e+01  -8.0063588e-03
   4.6895742e+01  -1.6468299e-02
   4.6927280e+01  -8.1239942e-04
   4.6958816e+01   3.8292322e-03
   4.6990354e+01  -1.5971250e-02
   4.7021890e+01  -5.4035342e-02
   4.7053428e+01  -3.9204454e-02
   4.7084966e+01   3.9642186e-02
   4.7116502e+01   3.2314030e-02
   4.7148040e+01  -2.9448128e-03
   4.7179576e+01  -7.6151526e-03
   4.7211114e+01   1.4986973e-02
   4.7242650e+01   2.1488496e-02
   4.7274188e+01  -6.4215480e-03
   4.7305726e+01   5.9179038e-02
   4.7337262e+01  -1.3631151e-02
   4.7368800e+01  -3.6156536e-01
   4.7400336e+01   1.0210231e-01
   4.7431874e+01   4.1852796e-02
   4.7463412e+01  -8.4874470e-02
   4.7494948e+01  -8.6258534e-02
   4.7526486e+01   3.8705556e-02
   4.7558022e+01   6.5938872e-02
   4.7589560e+01  -1.7037178e-02
   4.7621096e+01   6.6192794e-03
   4.7652634e+01   2.6208464e-02
   4.7684172e+01   8.1488996e-03
   4.7715708e+01  -2.6056266e-02
   4.7747246e+01   4.1960148e-02
   4.7778782e+01   2.3843282e-02
   4.7810320e+01   1.5919715e-02
   4.7841856e+01  -6.9864698e-03
   4.7873394e+01   2.3433688e-02
   4.7904932e+01   9.6698016e-03
   4.7936468e+01   2.4205226e-02
   4.7968006e+01  -5.3245746e-03
   4.7999542e+01   6.7291926e-03
   4.8031080e+01   4.0704130e-03
   4.8062616e+01  -6.9130238e-03
   4.8094154e+01   7.4641694e-03
   4.8125692e+01   2.2074968e-02
   4.8157228e+01   1.3514902e-02
   4.8188766e+01  -9.4745826e-03
   4.8220302e+01   1.9887927e-03
   4.8251840e+01   1.3469904e-02
   4.8283376e+01   2.8825062e-02
   4.8314914e+01  -5.2632116e-02
   4.8346452e+01   2.4601458e-03
   4.8377988e+01   3.0803274e-01
   4.8409526e+01  -1.0011969e-01
   4.8441062e+01   5.7811944e-02
   4.8472600e+01   1.2408917e-01
   4.8504136e+01   1.5719180e-01
   4.8535674e+01  -5.4851150e-03
   4.8567212e+01   5.6375128e-02
   4.8598748e+01   3.8651674e-02
   4.8630286e+01   9.4572486e-02
   4.8661822e+01   4.6119280e-02
   4.8693360e+01  -1.2578204e-02
   4.8724898e+01   7.0882026e-02
   4.8756434e+01   7.2047636e-02
   4.8787972e+01  -1.9948809e-03
   4.8819508e+01   3.3425438e-02
   4.8851046e+01   4.7517354e-02
   4.8882582e+01   5.7833250e-02
   4.8914120e+01   5.6493300e-02
   4.8945658e+01   8.2687030e-02
   4.8977194e+01   7.0238236e-02
   4.9008732e+01   7.1599956e-02
   4.9040268e+01   7.7817998e-02
   4.9071806e+01   1.1217346e-01
   4.9103342e+01   1.0594211e-01
   4.9134880e+01   9.7620342e-02
   4.9166418e+01   1.2911429e-01
   4.9197954e+01   1.1434741e-01
   4.9229492e+01   1.2347530e-01
   4.9261028e+01  -5.2605138e-01
   4.9292566e+01  -8.9738046e-01
   4.9324102e+01  -4.9000508e-01
   4.9355640e+01  -1.4199871e-01
   4.9387178e+01  -5.7489708e-01
   4.9418714e+01  -1.7651835e-01
   4.9450252e+01   2.2887030e-02
   4.9481788e+01  -1.8877261e-01
   4.9513326e+01  -2.5778900e-01
   4.9544862e+01   7.2436874e-02
   4.9576400e+01   7.4856750e-02
   4.9607938e+01  -1.6650599e-01
   4.9639474e+01   1.7043459e-01
   4.9671012e+01   8.7020820e-02
   4.9702548e+01   1.6010781e-02
   4.9734086e+01   4.5885020e-02
   4.9765622e+01   1.4901610e-01
   4.9797160e+01   8.2759792e-02
   4.9828698e+01   2.8599368e-02
   4.9860234e+01   9.5238798e-02
   4.9891772e+01   7.9603834e-02
   4.9923308e+01   2.6947048e-02
   4.9954846e+01  -1.4659317e-02
   4.9986384e+01   1.0369964e-03
   5.0017920e+01   7.4023146e-02
   5.0049458e+01   1.4655083e-02
   5.0080994e+01   2.0301510e-02
   5.0112532e+01   3.3346448e-02
   5.0144068e+01  -8.5693312e-03
   5.0175606e+01  -4.8404430e-02
   5.0207144e+01   4.3523462e-02
   5.0238680e+01   4.7186528e-02
   5.0270218e+01   9.5897698e-03
   5.0301754e+01  -8.1288816e-03
   5.0333292e+01   1.0504805e-02
   5.0364828e+01  -8.6214004e-03
   5.0396366e+01  -1.9495735e-02
   5.0427904e+01   5.0415530e-03
   5.0459440e+01   2.4007726e-03
   5.0490978e+01   1.1258997e-02
   5.0522514e+01   1.5512925e-02
   5.0554052e+01   9.1564636e-04
   5.0585588e+01   2.5544242e-03
   5.0617126e+01  -7.0640772e-04
   5.0648664e+01  -2.4139718e-03
   5.0680200e+01   2.0042738e-02
   5.0711738e+01   1.4269652e-02
   5.0743274e+01  -2.6059564e-03
   5.0774812e+01   4.3457462e-03
   5.0806348e+01  -1.8199453e-03
   5.0837886e+01   9.2091718e-03
   5.0869424e+01  -1.4175410e-02
   5.0900960e+01  -4.0672974e-02
   5.0932498e+01  -2.1440428e-02
   5.0964034e+01   2.1673000e-01
   5.0995572e+01   1.0928526e-04
   5.1027110e+01   7.4079708e-02
   5.1058646e+01   5.9077536e-02
   5.1090184e+01   1.7172328e-01
   5.1121720e+01  -4.6945960e-03
   5.1153258e+01   6.2181994e-02
   5.1184794e+01   7.0978412e-02
   5.1216332e+01   5.9174458e-02
   5.1247870e+01  -5.2160748e-03
   5.1279406e+01  -3.1033810e-02
   5.1310944e+01   4.4695208e-02
   5.1342480e+01   5.2406188e-02
   5.1374018e+01  -9.9633042e-02
   5.1405554e+01  -2.9133974e-02
   5.1437092e+01   8.4606750e-03
   5.1468630e+01  -6.3622606e-04
   5.1500166e+01  -6.9021198e-02
   5.1531704e+01   4.1148398e-03
   5.1563240e+01   2.3735160e-02
   5.1594778e+01  -7.2688142e-02
   5.1626314e+01  -2.6196578e-02
   5.1657852e+01  -3.6761788e-02
   5.1689390e+01  -5.7396658e-02
   5.1720926e+01  -5.3279126e-02
   5.1752464e+01  -7.4094526e-02
   5.1784000e+01   8.0040012e-03
   5.1815538e+01  -3.5865498e-02
   5.1847074e+01  -4.7370302e-02
   5.1878612e+01  -1.2561197e-02
   5.1910150e+01  -1.8121915e-02
   5.1941686e+01  -1.8275938e-03
   5.1973224e+01  -3.9057720e-03
   5.2004760e+01  -1.4407851e-02
   5.2036298e+01  -1.8847806e-02
   5.2067834e+01  -4.2787686e-03
   5.2099372e+01   2.2750992e-02
   5.2130910e+01  -1.2596095e-02
   5.2162446e+01  -5.4394062e-03
   5.2193984e+01  -1.4136115e-02
   5.2225520e+01   3.4708006e-03
   5.2257058e+01  -5.8296698e-05
   5.2288596e+01   5.0774054e-03
   5.2320132e+01  -1.5226520e-02
   5.2351670e+01   2.6710630e-03
   5.2383206e+01  -3.9080674e-03
   5.2414744e+01   1.1705275e-02
   5.2446280e+01   2.6074562e-02
   5.2477818e+01   3.6036038e-02
   5.2509356e+01   7.2562312e-02
   5.2540892e+01   7.4232064e-02
   5.2572430e+01   6.9688064e-02
   5.2603966e+01   6.9327548e-02
   5.2635504e+01   8.2217388e-02
   5.2667040e+01   9.1063382e-02
   5.2698578e+01   1.0192511e-01
   5.2730116e+01   7.3519584e-02
   5.2761652e+01  -5.2636426e-01
   5.2793190e+01  -1.2261524e-01
   5.2824726e+01  -1.3853548e-01
   5.2856264e+01  -1.3431902e-01
   5.2887800e+01  -2.6713926e-01
   5.2919338e+01   2.4600716e-02
   5.2950876e+01  -9.4855490e-02
   5.2982412e+01  -2.6603546e-02
   5.3013950e+01  -1.1695170e-01
   5.3045486e+01   6.5277118e-02
   5.3077024e+01   2.9039000e-02
   5.3108560e+01   8.8953782e-02
   5.3140098e+01  -4.4271142e-02
   5.3171636e+01   9.7936766e-02
   5.3203172e+01   7.6267148e-02
   5.3234710e+01   9.1005938e-02
   5.3266246e+01   2.4361864e-02
   5.3297784e+01   8.5291936e-02
   5.3329320e+01   2.6287016e-02
   5.3360858e+01   2.6187316e-02
   5.3392396e+01   1.6643708e-02
   5.3423932e+01   4.2371132e-02
   5.3455470e+01   1.2428288e-02
   5.3487006e+01   6.6780028e-03
   5.3518544e+01   1.5032505e-02
   5.3550082e+01   2.2440924e-02
   5.3581618e+01  -1.5207890e-02
   5.3613156e+01  -2.1284528e-04
   5.3644692e+01   2.3614234e-02
   5.3676230e+01  -7.5124276e-03
   5.3707766e+01  -3.7003434e-03
   5.3739304e+01   1.6335023e-02
   5.3770842e+01   1.1889972e-02
   5.3802378e+01  -1.1354353e-05
   5.3833916e+01  -9.5490090e-03
   5.3865452e+01   1.0221250e-02
   5.3896990e+01   4.1845666e-03
   5.3928526e+01  -1.5685504e-02
   5.3960064e+01   1.1067625e-02
   5.3991602e+01   1.3423999e-02
   5.4023138e+01   7.0369076e-03
   5.4054676e+01  -2.1716636e-02
   5.4086212e+01   8.7253974e-03
   5.4117750e+01  -8.8861414e-04
   5.4149286e+01  -9.3228492e-03
   5.4180824e+01   2.1353072e-02
   5.4212362e+01   1.1255378e-02
   5.4243898e+01   7.4662456e-03
   5.4275436e+01   1.5230198e-02
   5.4306972e+01  -4.3924152e-03
   5.4338510e+01   2.1213650e-02
   5.4370046e+01  -6.8188252e-04
   5.4401584e+01   4.5320494e-03
   5.4433122e+01  -4.6985464e-05
   5.4464658e+01   9.2466710e-03
   5.4496196e+01   2.3412542e-03
   5.4527732e+01  -1.2277932e-02
   5.4559270e+01   4.7547492e-03
   5.4590806e+01   6.7859016e-04
   5.4622344e+01   2.9577010e-03
   5.4653882e+01  -1.9833787e-03
   5.4685418e+01  -2.5165756e-02
   5.4716956e+01   7.1256518e-03
   5.4748492e+01  -6.4413624e-02
   5.4780030e+01   2.5811558e-02
   5.4811568e+01   2.8163354e-01
   5.4843104e+01  -5.4029252e-02
   5.4874642e+01  -2.2940948e-02
   5.4906178e+01   1.6241971e-01
   5.4937716e+01   1.4117762e-01
   5.4969252e+01   3.9353860e-02
   5.5000790e+01   8.1613038e-02
   5.5032328e+01   1.4657695e-01
   5.5063864e+01   1.3247230e-01
   5.5095402e+01   9.5281800e-02
   5.5126938e+01   1.1806093e-01
   5.5158476e+01   1.3509088e-01
   5.5190012e+01   1.1917910e-01
   5.5221550e+01   1.4173510e-01
   5.5253088e+01   1.4492561e-01
   5.5284624e+01   1.3610908e-01
   5.5316162e+01   1.2659711e-01
   5.5347698e+01   1.3758272e-01
   5.5379236e+01   1.4257365e-01
   5.5410772e+01   1.2752595e-01
   5.5442310e+01   1.2085027e-01
   5.5473848e+01   1.1642369e-01
   5.5505384e+01   1.2373942e-01
   5.5536922e+01   1.1756067e-01
   5.5568458e+01   1.2565238e-01
   5.5599996e+01   1.1338807e-01
   5.5631532e+01   1.1172913e-01
   5.5663070e+01   1.0695806e-01
   5.5694608e+01   1.1703244e-01
   5.5726144e+01   1.2841798e-01
   5.5757682e+01   1.3494853e-01
   5.5789218e+01   1.2146070e-01
   5.5820756e+01   1.3289934e-01
   5.5852292e+01   1.3446182e-01
   5.5883830e+01   1.2685861e-01
   5.5915368e+01   1.3355380e-01
   5.5946904e+01   1.4115796e-01
   5.5978442e+01   1.3702626e-01
   5.6009978e+01   1.2843016e-01
   5.6041516e+01   8.2940504e-02
   5.6073054e+01   1.2496487e-01
   5.6104590e+01  -5.8340194e-01
   5.6136128e+01  -2.5590960e-01
   5.6167664e+01  -4.6897556e-01
   5.6199202e+01  -4.6623396e-01
   5.6230738e+01  -5.3008292e-01
   5.6262276e+01  -5.6829036e-01
   5.6293814e+01  -5.7740996e-01
   5.6325350e+01  -7.2836074e-01
   5.6356888e+01  -8.5706870e-01
   5.6388424e+01  -8.0152552e-01
   5.6419962e+01  -5.8621804e-01
   5.6451498e+01  -7.0574564e-01
   5.6483036e+01  -4.9147592e-01
   5.6514574e+01  -5.0035860e-01
   5.6546110e+01  -3.2484816e-01
   5.6577648e+01  -3.4549734e-01
   5.6609184e+01  -2.6076394e-01
   5.6640722e+01  -2.5017274e-01
   5.6672258e+01  -1.1564230e-01
   5.6703796e+01  -1.4588113e-01
   5.6735334e+01  -2.8299460e-02
   5.6766870e+01   1.1291365e-03
   5.6798408e+01   9.8772146e-02
   5.6829944e+01   1.2095898e-01
   5.6861482e+01   9.4135738e-02
   5.6893018e+01   2.2012034e-01
   5.6924556e+01   2.2077026e-01
   5.6956094e+01   2.5044726e-01
   5.6987630e+01   2.9359146e-01
   5.7019168e+01   3.2575486e-01
   5.7050704e+01   2.6128402e-01
   5.7082242e+01   2.8136406e-01
   5.7113778e+01   2.9099578e-01
   5.7145316e+01   2.9418312e-01
   5.7176854e+01   2.4330848e-01
   5.7208390e+01   2.0723884e-01
   5.7239928e+01   1.8867131e-01
   5.7271464e+01   1.6056759e-01
   5.7303002e+01   1.5324343e-01
   5.7334540e+01   1.4123659e-01
   5.7366076e+01   1.2059272e-01
   5.7397614e+01   8.1299606e-02
   5.7429150e+01   6.9792850e-02
   5.7460688e+01   5.4115772e-02
   5.7492224e+01   5.4529920e-02
   5.7523762e+01   7.1175022e-02
   5.7555300e+01   6.3990060e-02
   5.7586836e+01   2.8996896e-02
   5.7618374e+01   4.6127740e-02
   5.7649910e+01  -1.3869742e-02
   5.7681448e+01   6.0778286e-02
   5.7712984e+01  -1.0806541e-03
   5.7744522e+01  -2.7792546e-02
   5.7776060e+01  -2.5169010e-02
   5.7807596e+01  -1.0220146e-01
   5.7839134e+01  -7.4938830e-02
   5.7870670e+01   6.5261230e-01
   5.7902208e+01   2.0760028e-02
   5.7933744e+01   6.3180444e-02
   5.7965282e+01   5.2867880e-01
   5.7996820e+01   5.7252712e-02
   5.8028356e+01   1.9773869e-01
   5.8059894e+01   3.8639056e-01
   5.8091430e+01   1.0692865e-01
   5.8122968e+01   2.3739182e-01
   5.8154504e+01   3.0846050e-01
   5.8186042e+01   1.6234809e-01
   5.8217580e+01   2.1003942e-01
   5.8249116e+01   1.7292978e-01
   5.8280654e+01   2.3581552e-01
   5.8312190e+01   1.7307369e-01
   5.8343728e+01   1.8489292e-01
   5.8375264e+01   2.0596924e-01
   5.8406802e+01   1.7905221e-01
   5.8438340e+01   2.1280156e-01
   5.8469876e+01   1.9165655e-01
   5.8501414e+01   1.7050583e-01
   5.8532950e+01   1.8147029e-01
   5.8564488e+01   1.7262269e-01
   5.8596026e+01   1.6405163e-01
   5.8627562e+01   1.7791512e-01
   5.8659100e+01   1.6808585e-01
   5.8690636e+01   1.6820497e-01
   5.8722174e+01   1.7169491e-01
   5.8753710e+01   1.6854933e-01
   5.8785248e+01   1.7608192e-01
   5.8816786e+01   1.5706787e-01
   5.8848322e+01   1.5289740e-01
   5.8879860e+01   1.5225300e-01
   5.8911396e+01   1.5772880e-01
   5.8942934e+01   1.5019771e-01
   5.8974470e+01   1.6417571e-01
   5.9006008e+01   1.6491761e-01
   5.9037546e+01  -2.8938902e-01
   5.9069082e+01  -6.8148332e-01
   5.9100620e+01  -7.6754954e-01
   5.9132156e+01  -6.6807430e-01
   5.9163694e+01  -6.9591012e-01
   5.9195230e+01  -8.3224632e-01
   5.9226768e+01  -8.7974882e-01
   5.9258306e+01  -9.5858252e-01
   5.9289842e+01  -8.0733092e-01
   5.9321380e+01  -7.4395994e-01
   5.9352916e+01  -8.2031316e-01
   5.9384454e+01  -7.7794140e-01
   5.9415990e+01  -7.6244684e-01
   5.9447528e+01  -6.4381348e-01
   5.9479066e+01  -6.2434180e-01
   5.9510602e+01  -5.4195042e-01
   5.9542140e+01  -4.3915560e-01
   5.9573676e+01  -3.6311014e-01
   5.9605214e+01  -3.3768494e-01
   5.9636752e+01  -2.9369840e-01
   5.9668288e+01  -2.1827548e-01
   5.9699826e+01  -1.7726308e-01
   5.9731362e+01  -1.0664618e-01
   5.9762900e+01  -5.2850600e-02
   5.9794436e+01  -1.8711469e-02
   5.9825974e+01   5.4798314e-02
   5.9857512e+01   1.1196636e-01
   5.9889048e+01   1.3481116e-01
   5.9920586e+01   1.6763707e-01
   5.9952122e+01   1.4144430e-01
   5.9983660e+01   2.6855370e-01
   6.0015196e+01   3.6527528e-01
   6.0046734e+01   3.1071348e-01
   6.0078272e+01   3.7086282e-01
   6.0109808e+01   4.8051798e-01
   6.0141346e+01   4.3793164e-01
   6.0172882e+01   4.8538068e-01
   6.0204420e+01   3.6806786e-01
   6.0235956e+01   3.1401832e-01
   6.0267494e+01   2.4067168e-01
   6.0299032e+01   2.0269966e-01
   6.0330568e+01   2.2089132e-01
   6.0362106e+01   2.4572650e-01
   6.0393642e+01   2.2967438e-01
   6.0425180e+01   1.8416895e-01
   6.0456716e+01   1.1601950e-01
   6.0488254e+01   1.3281714e-01
   6.0519792e+01   1.2145724e-01
   6.0551328e+01   9.0786894e-02
   6.0582866e+01   9.2481036e-02
   6.0614402e+01   1.3714708e-01
   6.0645940e+01   8.3660776e-02
   6.0677476e+01   5.0949784e-02
   6.0709014e+01   6.6675806e-02
   6.0740552e+01   1.0654974e-02
   6.0772088e+01   6.2641188e-02
   6.0803626e+01   4.0838120e-02
   6.0835162e+01   2.5669038e-02
   6.0866700e+01   3.9026074e-02
   6.0898238e+01   2.5414240e-02
   6.0929774e+01   8.1562548e-03
   6.0961312e+01   8.7538188e-03
   6.0992848e+01  -1.2870119e-03
   6.1024386e+01  -2.6687782e-03
   6.1055922e+01  -2.9701636e-02
   6.1087460e+01  -1.1335670e-01
   6.1118998e+01   2.1704380e-01
   6.1150534e+01   2.6283740e-01
   6.1182072e+01   6.2064360e-02
   6.1213608e+01   2.8680274e-01
   6.1245146e+01   1.8620402e-01
   6.1276682e+01   7.5470564e-02
   6.1308220e+01   3.8756772e-01
   6.1339758e+01   1.8191153e-01
   6.1371294e+01   1.1419513e-01
   6.1402832e+01   3.2555022e-01
   6.1434368e+01   1.6010079e-01
   6.1465906e+01   1.9989083e-01
   6.1497442e+01   2.3399810e-01
   6.1528980e+01   2.2906452e-01
   6.1560518e+01   1.2986859e-01
   6.1592054e+01   2.0881176e-01
   6.1623592e+01   2.2205826e-01
   6.1655128e+01   1.4690196e-01
   6.1686666e+01   1.7459794e-01
   6.1718202e+01   1.9264944e-01
   6.1749740e+01   1.8067871e-01
   6.1781278e+01   1.9847863e-01
   6.1812814e+01   1.6433049e-01
   6.1844352e+01   1.7038242e-01
   6.1875888e+01   1.8843798e-01
   6.1907426e+01   1.7467719e-01
   6.1938962e+01   1.7067643e-01
   6.1970500e+01   1.4308568e-01
   6.2002038e+01   1.5464450e-01
   6.2033574e+01   1.7176697e-01
   6.2065112e+01   1.4924182e-01
   6.2096648e+01   1.7198800e-01
   6.2128186e+01   1.6460274e-01
   6.2159724e+01   1.4972483e-01
   6.2191260e+01   1.5362884e-01
   6.2222798e+01   1.5494167e-01
   6.2254334e+01   1.5670458e-01
   6.2285872e+01   1.5609224e-01
   6.2317408e+01   1.5266508e-01
   6.2348946e+01   1.5455871e-01
   6.2380484e+01   1.4095837e-01
   6.2412020e+01   1.4014475e-01
   6.2443558e+01   7.3712808e-02
   6.2475094e+01  -3.7531932e-01
   6.2506632e+01  -2.4616636e-01
   6.2538168e+01  -2.4573890e-01
   6.2569706e+01  -3.0002240e-01
   6.2601244e+01  -3.4734550e-01
   6.2632780e+01  -3.4306894e-01
   6.2664318e+01  -3.1291692e-01
   6.2695854e+01  -2.9188098e-01
   6.2727392e+01  -2.7209472e-01
   6.2758928e+01  -2.8501234e-01
   6.2790466e+01  -2.7564006e-01
   6.2822004e+01  -2.9234254e-01
   6.2853540e+01  -3.6715576e-01
   6.2885078e+01  -4.9960646e-01
   6.2916614e+01  -5.1077636e-01
   6.2948152e+01  -5.3300990e-01
   6.2979688e+01  -4.5549098e-01
   6.3011226e+01  -4.0273556e-01
   6.3042764e+01  -4.4656536e-01
   6.3074300e+01  -4.2559442e-01
   6.3105838e+01  -4.2388940e-01
   6.3137374e+01  -3.7633318e-01
   6.3168912e+01  -3.6342298e-01
   6.3200448e+01  -3.6202010e-01
   6.3231986e+01  -3.6676214e-01
   6.3263524e+01  -3.8604106e-01
   6.3295060e+01  -3.6693152e-01
   6.3326598e+01  -3.4980646e-01
   6.3358134e+01  -3.2965196e-01
   6.3389672e+01  -2.8268828e-01
   6.3421210e+01  -2.5207608e-01
   6.3452746e+01  -2.4726740e-01
   6.3484284e+01  -2.5083280e-01
   6.3515820e+01  -2.6727812e-01
   6.3547358e+01  -2.7426420e-01
   6.3578894e+01  -2.6884514e-01
   6.3610432e+01  -2.8096362e-01
   6.3641970e+01  -3.0051192e-01
   6.3673506e+01  -3.1338334e-01
   6.3705044e+01  -3.1987826e-01
   6.3736580e+01  -3.1313460e-01
   6.3768118e+01  -3.1058524e-01
   6.3799654e+01  -3.0087444e-01
   6.3831192e+01  -3.1381444e-01
   6.3862730e+01  -3.2252042e-01
   6.3894266e+01  -3.3356894e-01
   6.3925804e+01  -3.5341208e-01
   6.3957340e+01  -3.3942088e-01
   6.3988878e+01  -3.3066028e-01
   6.4020414e+01  -3.1533662e-01
   6.4051952e+01  -2.3836430e-01
   6.4083490e+01  -2.5047072e-01
   6.4115026e+01  -2.5265570e-01
   6.4146564e+01  -2.5584038e-01
   6.4178100e+01  -2.0757194e-01
   6.4209638e+01  -1.7876878e-01
   6.4241174e+01  -1.4437145e-01
   6.4272712e+01  -1.6784901e-01
   6.4304250e+01  -1.2811668e-01
   6.4335786e+01  -1.4435633e-01
   6.4367324e+01  -1.2614324e-01
   6.4398860e+01  -1.0391801e-01
   6.4430398e+01  -1.0977036e-01
   6.4461934e+01  -1.5117606e-01
   6.4493472e+01  -1.3415650e-01
   6.4525010e+01  -1.2148917e-01
   6.4556546e+01   1.5742569e-01
   6.4588084e+01   1.1491752e-01
   6.4619620e+01   1.7029647e-01
   6.4651158e+01   2.7313128e-01
   6.4682696e+01   2.9591620e-01
   6.4714232e+01   3.3762794e-01
   6.4745770e+01   4.2128682e-01
   6.4777306e+01   4.3674516e-01
   6.4808844e+01   4.7223232e-01
   6.4840380e+01   5.0401936e-01
   6.4871918e+01   5.9804904e-01
   6.4903456e+01   6.9559942e-01
   6.4934992e+01   7.4209116e-01
   6.4966530e+01   7.8016040e-01
   6.4998066e+01   8.8627726e-01
   6.5029604e+01   8.8792664e-01
   6.5061140e+01   9.1529734e-01
   6.5092678e+01   8.6793330e-01
   6.5124216e+01   8.3171744e-01
   6.5155752e+01   8.0600746e-01
   6.5187290e+01   7.6241496e-01
   6.5218826e+01   7.1241932e-01
   6.5250364e+01   6.3545624e-01
   6.5281900e+01   5.9580420e-01
   6.5313438e+01   5.6615876e-01
   6.5344976e+01   5.2500290e-01
   6.5376512e+01   4.8418146e-01
   6.5408050e+01   4.4767568e-01
   6.5439586e+01   4.1440936e-01
   6.5471124e+01   3.9029784e-01
   6.5502660e+01   3.6869630e-01
   6.5534198e+01   3.3467350e-01
   6.5565736e+01   3.1584604e-01
   6.5597272e+01   2.9233318e-01
   6.5628810e+01   2.8675962e-01
   6.5660346e+01   2.5279116e-01
   6.5691884e+01   2.1823490e-01
   6.5723420e+01   1.7647635e-01
   6.5754958e+01   1.3712521e-01
   6.5786496e+01   1.0273175e-01
   6.5818032e+01   5.4744112e-02
   6.5849570e+01   1.0380785e-02
   6.5881106e+01  -2.1043714e-02
   6.5912644e+01  -4.6778418e-02
   6.5944182e+01  -6.0920150e-02
   6.5975718e+01  -6.8920630e-02
   6.6007256e+01  -6.4398840e-02
   6.6038792e+01  -5.2359218e-02
   6.6070330e+01  -3.7675168e-02
   6.6101866e+01  -2.4681354e-02
   6.6133404e+01  -2.0334280e-02
   6.6164942e+01  -1.2869844e-02
   6.6196478e+01  -1.5796258e-02
   6.6228016e+01  -2.1772328e-02
   6.6259552e+01  -3.6923666e-02
   6.6291090e+01  -6.4559406e-02
   6.6322626e+01  -9.6854336e-02
   6.6354164e+01  -1.2389004e-01
   6.6385702e+01  -1.5563283e-01
   6.6417238e+01  -1.8998693e-01
   6.6448776e+01  -2.1532730e-01
   6.6480312e+01  -2.4708710e-01
   6.6511850e+01  -2.6739246e-01
   6.6543386e+01  -2.8485974e-01
   6.6574924e+01  -2.9775756e-01
   6.6606462e+01  -3.1346372e-01
   6.6637998e+01  -3.3001924e-01
   6.6669536e+01  -3.5036658e-01
   6.6701072e+01  -3.7577994e-01
   6.6732610e+01  -4.0911884e-01
   6.6764146e+01  -4.4567412e-01
   6.6795684e+01  -4.8698554e-01
   6.6827222e+01  -5.3031818e-01
   6.6858758e+01  -5.6940022e-01
   6.6890296e+01  -6.0287114e-01
   6.6921832e+01  -6.2261834e-01
   6.6953370e+01  -6.3581192e-01
   6.6984906e+01  -6.3367864e-01
   6.7016444e+01  -6.2658050e-01
   6.7047982e+01  -6.1079362e-01
   6.7079518e+01  -5.9133842e-01
   6.7111056e+01  -5.7949160e-01
   6.7142592e+01  -5.6810952e-01
   6.7174130e+01  -5.7023626e-01
   6.7205668e+01  -5.7098942e-01
   6.7237204e+01  -5.8738926e-01
   6.7268742e+01  -5.9854440e-01
   6.7300278e+01  -6.1272814e-01
   6.7331816e+01  -6.2324348e-01
   6.7363352e+01  -6.2891710e-01
   6.7394890e+01  -6.1767560e-01
   6.7426428e+01  -5.9214438e-01
   6.7457964e+01  -5.5368714e-01
   6.7489502e+01  -5.1557046e-01
   6.7521038e+01  -4.7284744e-01
   6.7552576e+01  -4.2938998e-01
   6.7584112e+01  -3.7710060e-01
   6.7615650e+01  -3.3185708e-01
   6.7647188e+01  -2.9352274e-01
   6.7678724e+01  -2.5923138e-01
   6.7710262e+01  -2.2614890e-01
   6.7741798e+01  -1.9304772e-01
   6.7773336e+01  -1.5344028e-01
   6.7804872e+01  -1.1478639e-01
   6.7836410e+01  -6.4905136e-02
   6.7867948e+01  -1.0118043e-02
   6.7899484e+01   4.4950256e-02
   6.7931022e+01   9.8972306e-02
   6.7962558e+01   1.5585001e-01
   6.7994096e+01   1.9782516e-01
   6.8025632e+01   2.4035408e-01
   6.8057170e+01   2.8062878e-01
   6.8088708e+01   3.1337344e-01
   6.8120244e+01   3.3411958e-01
   6.8151782e+01   3.5006608e-01
   6.8183318e+01   3.6453108e-01
   6.8214856e+01   3.8197232e-01
   6.8246394e+01   4.0549240e-01
   6.8277930e+01   4.2893812e-01
   6.8309468e+01   4.5433570e-01
   6.8341004e+01   4.7755300e-01
   6.8372542e+01   5.0945890e-01
   6.8404078e+01   5.3670656e-01
   6.8435616e+01   5.6198642e-01
   6.8467154e+01   5.8434944e-01
   6.8498690e+01   6.0449172e-01
   6.8530228e+01   6.2352652e-01
   6.8561764e+01   6.4203006e-01
   6.8593302e+01   6.5748790e-01
   6.8624838e+01   6.7590278e-01
   6.8656376e+01   6.8992558e-01
   6.8687914e+01   7.0123890e-01
   6.8719450e+01   7.1653930e-01
   6.8750988e+01   7.2248150e-01
   6.8782524e+01   7.1735916e-01
   6.8814062e+01   7.0719052e-01
   6.8845598e+01   7.0000076e-01
   6.8877136e+01   6.8461160e-01
   6.8908674e+01   6.7367272e-01
   6.8940210e+01   6.4896610e-01
   6.8971748e+01   6.3258402e-01
   6.9003284e+01   6.0854710e-01
   6.9034822e+01   5.8486026e-01
   6.9066358e+01   5.7541912e-01
   6.9097896e+01   5.5138472e-01
   6.9129434e+01   5.3156130e-01
   6.9160970e+01   5.1008922e-01
   6.9192508e+01   4.8763328e-01
   6.9224044e+01   4.6451900e-01
   6.9255582e+01   4.5980282e-01
   6.9287118e+01   4.3730172e-01
   6.9318656e+01   4.1218570e-01
   6.9350194e+01   4.1092902e-01
   6.9381730e+01   3.7320520e-01
   6.9413268e+01   3.6020516e-01
   6.9444804e+01   3.5082990e-01
   6.9476342e+01   3.3573196e-01
   6.9507880e+01   3.2921716e-01
   6.9539416e+01   3.0934098e-01
   6.9570954e+01   2.9682534e-01
   6.9602490e+01   2.8846486e-01
   6.9634028e+01   2.6882278e-01
   6.9665564e+01   2.6546714e-01
   6.9697102e+01   2.4749448e-01
   6.9728640e+01   2.3159916e-01
   6.9760176e+01   2.1701188e-01
   6.9791714e+01   2.0767644e-01
   6.9823250e+01   1.9250206e-01
   6.9854788e+01   1.6893626e-01
   6.9886324e+01   1.4022655e-01
   6.9917862e+01   1.0802379e-01
   6.9949400e+01   7.4506902e-02
   6.9980936e+01   2.4969316e-02
   7.0012474e+01  -2.4989892e-02
   7.0044010e+01  -7.9038234e-02
   7.0075548e+01  -1.3931661e-01
   7.0107084e+01  -1.9167476e-01
   7.0138622e+01  -2.4553490e-01
   7.0170160e+01  -2.8769670e-01
   7.0201696e+01  -3.2971004e-01
   7.0233234e+01  -3.5751728e-01
   7.0264770e+01  -3.7914782e-01
   7.0296308e+01  -4.0170592e-01
   7.0327844e+01  -4.2197998e-01
   7.0359382e+01  -4.4213730e-01
   7.0390920e+01  -4.6519946e-01
   7.0422456e+01  -4.9519842e-01
   7.0453994e+01  -5.2980352e-01
   7.0485530e+01  -5.6629644e-01
   7.0517068e+01  -6.0219940e-01
   7.0548604e+01  -6.3363988e-01
   7.0580142e+01  -6.5926328e-01
   7.0611680e+01  -6.7462510e-01
   7.0643216e+01  -6.8161406e-01
   7.0674754e+01  -6.7445242e-01
   7.0706290e+01  -6.6149008e-01
   7.0737828e+01  -6.4914326e-01
   7.0769366e+01  -6.3657608e-01
   7.0800902e+01  -6.3030904e-01
   7.0832440e+01  -6.3439696e-01
   7.0863976e+01  -6.4951874e-01
   7.0895514e+01  -6.7395964e-01
   7.0927050e+01  -6.9826718e-01
   7.0958588e+01  -7.1971204e-01
   7.0990126e+01  -7.2738344e-01
   7.1021662e+01  -7.1889288e-01
   7.1053200e+01  -6.8753324e-01
   7.1084736e+01  -6.2543762e-01
   7.1116274e+01  -5.3126086e-01
   7.1147810e+01  -4.0994080e-01
   7.1179348e+01  -2.7739324e-01
   7.1210886e+01  -1.3450785e-01
   7.1242422e+01   5.6137768e-03
   7.1273960e+01   1.3408644e-01
   7.1305496e+01   2.3838622e-01
   7.1337034e+01   3.1482646e-01
   7.1368570e+01   3.6014316e-01
   7.1400108e+01   3.7848832e-01
   7.1431646e+01   3.6962952e-01
   7.1463182e+01   3.4445204e-01
   7.1494720e+01   3.0335920e-01
   7.1526256e+01   2.5751308e-01
   7.1557794e+01   2.1209694e-01
   7.1589330e+01   1.6875903e-01
   7.1620868e+01   1.2701006e-01
   7.1652406e+01   8.6672310e-02
   7.1683942e+01   5.5471250e-02
   7.1715480e+01   2.2859072e-02
   7.1747016e+01  -1.0030282e-02
   7.1778554e+01  -4.3581544e-02
   7.1810090e+01  -7.5953826e-02
   7.1841628e+01  -1.0746918e-01
   7.1873166e+01  -1.3093351e-01
   7.1904702e+01  -1.4483359e-01
   7.1936240e+01  -1.5720100e-01
   7.1967776e+01  -1.5376308e-01
   7.1999314e+01  -1.4187527e-01
   7.2030852e+01  -1.2170132e-01
   7.2062388e+01  -9.3530720e-02
   7.2093926e+01  -6.2053202e-02
   7.2125462e+01  -3.5627262e-02
   7.2157000e+01  -1.2242046e-02
   7.2188536e+01   7.9116896e-03
   7.2220074e+01   2.3050012e-02
   7.2251612e+01   3.0481144e-02
   7.2283148e+01   3.4944878e-02
   7.2314686e+01   3.6729112e-02
   7.2346222e+01   3.7531684e-02
   7.2377760e+01   3.7182648e-02
   7.2409296e+01   4.0630348e-02
   7.2440834e+01   4.3475172e-02
   7.2472372e+01   4.7021672e-02
   7.2503908e+01   4.9731300e-02
   7.2535446e+01   4.5858242e-02
   7.2566982e+01   4.1502872e-02
   7.2598520e+01   3.4240358e-02
   7.2630056e+01   2.5508268e-02
   7.2661594e+01   1.2300990e-02
   7.2693132e+01  -3.1791832e-03
   7.2724668e+01  -1.4607681e-02
   7.2756206e+01  -2.3502270e-02
   7.2787742e+01  -2.7332836e-02
   7.2819280e+01  -3.0815502e-02
   7.2850816e+01  -2.9751684e-02
   7.2882354e+01  -2.4430918e-02
   7.2913892e+01  -1.8868863e-02
   7.2945428e+01  -1.2355894e-02
   7.2976966e+01  -8.6509106e-03
   7.3008502e+01  -8.2357270e-03
   7.3040040e+01  -6.6555402e-03
   7.3071576e+01  -7.1223840e-03
   7.3103114e+01  -9.1538734e-03
   7.3134652e+01  -9.3828290e-03
   7.3166188e+01  -1.0263357e-02
   7.3197726e+01  -1.0313398e-02
   7.3229262e+01  -5.4766576e-03
   7.3260800e+01   8.0538104e-04
   7.3292338e+01   6.5531716e-03
   7.3323874e+01   1.2916030e-02
   7.3355412e+01   1.6584367e-02
   7.3386948e+01   1.6147516e-02
   7.3418486e+01   1.5716343e-02
   7.3450022e+01   1.3311421e-02
   7.3481560e+01   8.0329238e-03
   7.3513098e+01   3.6752450e-03
   7.3544634e+01  -2.0848798e-03
   7.3576172e+01  -7.1397712e-03
   7.3607708e+01  -7.4590958e-03
   7.3639246e+01  -5.9939086e-03
   7.3670782e+01  -3.3173348e-03
   7.3702320e+01  -2.3441218e-04
   7.3733858e+01   9.9354912e-04
   7.3765394e+01   2.6116532e-03
   7.3796932e+01   4.0455192e-03
   7.3828468e+01   3.2787768e-03
   7.3860006e+01   1.8792674e-03
   7.3891542e+01  -2.4178036e-03
   7.3923080e+01  -7.6078492e-03
   7.3954618e+01  -9.0609870e-03
   7.3986154e+01  -9.7284732e-03
   7.4017692e+01  -8.4323520e-03
   7.4049228e+01  -5.5191564e-03
   7.4080766e+01  -3.8398282e-03
   7.4112302e+01  -4.3175202e-04
   7.4143840e+01   3.9616828e-03
   7.4175378e+01   6.5941290e-03
   7.4206914e+01   8.2514626e-03
   7.4238452e+01   7.1627828e-03
   7.4269988e+01   3.4001046e-03
   7.4301526e+01  -7.2903620e-04
   7.4333062e+01  -2.8428772e-03
   7.4364600e+01  -5.6065618e-03
   7.4396138e+01  -5.3594464e-03
   7.4427674e+01  -5.3572788e-03
   7.4459212e+01  -4.8580196e-03
   7.4490748e+01  -1.1334191e-03
   7.4522286e+01   1.9097875e-03
   7.4553824e+01   4.6132728e-03
   7.4585360e+01   6.7372642e-03
   7.4616898e+01   5.9155734e-03
   7.4648434e+01   2.2660314e-03
   7.4679972e+01   4.5775202e-04
   7.4711508e+01  -2.4317586e-03
   7.4743046e+01  -4.5977282e-03
   7.4774584e+01  -5.3420858e-03
   7.4806120e+01  -7.2148572e-03
   7.4837658e+01  -7.6092390e-03
   7.4869194e+01  -4.1918482e-03
   7.4900732e+01  -8.7494566e-04
   7.4932268e+01   2.1789502e-03
   7.4963806e+01   5.5473874e-03
   7.4995344e+01   4.7119832e-03
   7.5026880e+01   3.3539072e-03
   7.5058418e+01   3.1611278e-03
   7.5089954e+01   6.2301178e-04
   7.5121492e+01  -1.5564445e-03
   7.5153028e+01  -2.9983824e-03
   7.5184566e+01  -5.6093168e-03
   7.5216104e+01  -6.5646280e-03
   7.5247640e+01  -3.7871664e-03
   7.5279178e+01  -1.8806774e-03
   7.5310714e+01   1.4742466e-03
   7.5342252e+01   4.7875722e-03
   7.5373788e+01   5.0137498e-03
   7.5405326e+01   3.5078420e-03
   7.5436864e+01   4.5117114e-03
   7.5468400e+01   2.6150766e-03
   7.5499938e+01   7.4430276e-04
   7.5531474e+01  -1.5152146e-03
   7.5563012e+01  -5.4319936e-03
   7.5594550e+01  -7.3850776e-03
   7.5626086e+01  -5.4740464e-03
   7.5657624e+01  -5.0376330e-03
   7.5689160e+01  -1.6522284e-03
   7.5720698e+01   1.5794895e-03
   7.5752234e+01   2.5176412e-03
   7.5783772e+01   2.5075320e-03
   7.5815310e+01   4.2738494e-03
   7.5846846e+01   3.2030456e-03
   7.5878384e+01   1.3976064e-03
   7.5909920e+01   6.2609628e-05
   7.5941458e+01  -3.7464126e-03
   7.5972994e+01  -7.2058282e-03
   7.6004532e+01  -6.4989044e-03
   7.6036070e+01  -6.0251100e-03
   7.6067606e+01  -3.8629400e-03
   7.6099144e+01  -2.1929044e-04
   7.6130680e+01   1.7505737e-03
   7.6162218e+01   1.7292186e-03
   7.6193754e+01   3.9080800e-03
   7.6225292e+01   4.7056660e-03
   7.6256830e+01   3.0383764e-03
   7.6288366e+01   2.3998640e-03
   7.6319904e+01  -7.6127206e-04
   7.6351440e+01  -5.2559768e-03
   7.6382978e+01  -5.4315380e-03
   7.6414514e+01  -5.5717476e-03
   7.6446052e+01  -4.9703832e-03
   7.6477590e+01  -1.8141280e-03
   7.6509126e+01   6.9914232e-04
   7.6540664e+01   1.2645578e-03
   7.6572200e+01   3.3164018e-03
   7.6603738e+01   4.9204614e-03
   7.6635274e+01   4.3187988e-03
   7.6666812e+01   4.1736310e-03
   7.6698350e+01   2.5177306e-03
   7.6729886e+01  -2.0934010e-03
   7.6761424e+01  -4.7111796e-03
   7.6792960e+01  -4.6598766e-03
   7.6824498e+01  -5.2469314e-03
   7.6856036e+01  -3.5028246e-03
   7.6887572e+01  -4.5439818e-04
   7.6919110e+01   6.0898740e-05
   7.6950646e+01   7.6747558e-04
   7.6982184e+01   3.6482248e-03
   7.7013720e+01   3.3993624e-03
   7.7045258e+01   4.1739096e-03
   7.7076796e+01   3.1916398e-03
   7.7108332e+01  -1.1318904e-04
   7.7139870e+01  -4.1968640e-03
   7.7171406e+01  -5.0272244e-03
   7.7202944e+01  -5.9472410e-03
   7.7234480e+01  -5.6110826e-03
   7.7266018e+01  -2.9706938e-03
   7.7297556e+01  -8.6465050e-04
   7.7329092e+01  -5.0775086e-04
   7.7360630e+01   1.9512145e-03
   7.7392166e+01   3.8129728e-03
   7.7423704e+01   3.3648926e-03
   7.7455240e+01   3.4485088e-03
   7.7486778e+01   2.1654522e-03
   7.7518316e+01  -2.0951968e-03
   7.7549852e+01  -5.0319386e-03
   7.7581390e+01  -5.3083502e-03
   7.7612926e+01  -6.1824038e-03
   7.7644464e+01  -4.9342110e-03
   7.7676000e+01  -1.6326407e-03
   7.7707538e+01  -5.0127068e-04
   7.7739076e+01   3.9009808e-04
   7.7770612e+01   2.6960268e-03
   7.7802150e+01   3.9980434e-03
   7.7833686e+01   3.7832420e-03
   7.7865224e+01   4.1529208e-03
   7.7896760e+01   1.9451670e-03
   7.7928298e+01  -2.0930640e-03
   7.7959836e+01  -4.3799832e-03
   7.7991372e+01  -4.8304806e-03
   7.8022910e+01  -5.5133604e-03
   7.8054446e+01  -3.7388802e-03
   7.8085984e+01  -1.2607178e-03
   7.8117522e+01  -3.0048018e-04
   7.8149058e+01   6.9658082e-04
   7.8180596e+01   3.2624144e-03
   7.8212132e+01   3.9396180e-03
   7.8243670e+01   3.7950682e-03
   7.8275206e+01   3.6648918e-03
   7.8306744e+01   1.6264396e-03
   7.8338282e+01  -2.3709794e-03
   7.8369818e+01  -3.9624670e-03
   7.8401356e+01  -4.0038486e-03
   7.8432892e+01  -4.4575830e-03
   7.8464430e+01  -1.9061851e-03
   7.8495966e+01   1.1349378e-04
   7.8527504e+01   7.9509248e-04
   7.8559042e+01   1.9227186e-03
   7.8590578e+01   3.7658422e-03
   7.8622116e+01   3.9799168e-03
   7.8653652e+01   3.2795806e-03
   7.8685190e+01   2.6796668e-03
   7.8716726e+01   1.8599822e-04
   7.8748264e+01  -3.9638810e-03
   7.8779802e+01  -5.8449310e-03
   7.8811338e+01  -5.4654246e-03
   7.8842876e+01  -5.5297940e-03
   7.8874412e+01  -2.7028108e-03
   7.8905950e+01  -1.1967176e-04
   7.8937486e+01   6.5335282e-04
   7.8969024e+01   1.3194493e-03
   7.9000562e+01   3.1699732e-03
   7.9032098e+01   2.9061336e-03
   7.9063636e+01   2.2248154e-03
   7.9095172e+01   1.7854188e-03
   7.9126710e+01  -7.2855772e-04
   7.9158246e+01  -4.6857572e-03
   7.9189784e+01  -6.0265414e-03
   7.9221322e+01  -5.4003494e-03
   7.9252858e+01  -4.9765872e-03
   7.9284396e+01  -2.7074558e-03
   7.9315932e+01   4.0886620e-04
   7.9347470e+01   1.8927591e-03
   7.9379008e+01   1.9946099e-03
   7.9410544e+01   2.9804600e-03
   7.9442082e+01   3.1019816e-03
   7.9473618e+01   1.1675056e-03
   7.9505156e+01   5.9237278e-04
   7.9536692e+01  -9.7392150e-04
   7.9568230e+01  -4.6422220e-03
   7.9599768e+01  -6.8731554e-03
   7.9631304e+01  -5.6401012e-03
   7.9662842e+01  -4.6680648e-03
   7.9694378e+01  -2.0411970e-03
   7.9725916e+01   1.6335750e-03
   7.9757452e+01   3.3695362e-03
   7.9788990e+01   2.8938818e-03
   7.9820528e+01   3.2893434e-03
   7.9852064e+01   3.3022252e-03
   7.9883602e+01   1.3939074e-03
   7.9915138e+01   5.4395920e-04
   7.9946676e+01  -1.0194187e-03
   7.9978212e+01  -4.1737220e-03
